[5000, 1]
0.073928
0.073928
0.073928
0.073928
0.073928
0.073928
0.073928
0.073928
0.073928
0.073928
0.073928
0.073928
0.073928
0.073928
0.073928
0.073928
0.073928
0.073928
0.073928
0.073928
0.073928
0.175875
0.270188
0.357962
0.440106
0.517380
0.590423
0.659775
0.725894
0.789175
0.849952
0.908517
0.965121
1.019982
1.073290
1.125212
1.175894
1.225463
1.274033
1.321704
1.368565
1.414694
1.460161
1.505029
1.549353
1.593184
1.636566
1.679539
1.722140
1.764400
1.806349
1.848014
1.889418
1.930582
1.971528
2.012271
2.052829
2.093215
2.133443
2.173526
2.213473
2.253295
2.293001
2.332599
2.372097
2.411500
2.450811
2.490028
2.529152
2.568183
2.607122
2.645969
2.684723
2.723385
2.761955
2.800434
2.838821
2.877116
2.915321
2.953434
2.991457
3.029390
3.067232
3.104984
3.142647
3.180220
3.217704
3.255099
3.292405
3.329623
3.366753
3.403795
3.440750
3.477617
3.514398
3.551092
3.587700
3.624222
3.660658
3.697009
3.733275
3.769456
3.805554
3.841567
3.877497
3.913343
3.949107
3.984788
4.020386
4.055903
4.091339
4.126693
4.161967
4.197160
4.232273
4.267307
4.302261
4.337136
4.371933
4.406651
4.441291
4.475854
4.510340
4.544748
4.579081
4.613337
4.647517
4.681622
4.715652
4.749608
4.783491
4.817304
4.851050
4.884730
4.918346
4.951901
4.985396
5.018833
5.052214
5.085541
5.118815
5.152038
5.185210
5.218335
5.251413
5.284445
5.317433
5.350378
5.383281
5.416144
5.448966
5.481751
5.514497
5.547208
5.579882
5.612522
5.645129
5.677702
5.710243
5.742753
5.775233
5.807682
5.840103
5.872495
5.904859
5.937196
5.969507
6.001791
6.034050
6.066285
6.098495
6.130681
6.162844
6.194984
6.227101
6.259197
6.291271
6.323323
6.355355
6.387367
6.419359
6.451331
6.483283
6.515217
6.547132
6.579028
6.610906
6.642767
6.674610
6.706435
6.738244
6.770036
6.801811
6.833570
6.865312
6.897039
6.928750
6.960445
6.992125
7.023790
7.055440
7.087075
7.118695
7.150301
7.181892
7.213470
7.245033
7.276582
7.308117
7.339638
7.371146
7.402641
7.434121
7.465589
7.497044
7.528485
7.559913
7.591329
7.622731
7.654121
7.685498
7.716863
7.748215
7.779554
7.810881
7.842196
7.873499
7.904789
7.936067
7.967333
7.998587
8.029829
8.061059
8.092277
8.123483
8.154677
8.185860
8.217031
8.248189
8.279337
8.310472
8.341596
8.372708
8.403809
8.434898
8.465976
8.497042
8.528096
8.559139
8.590171
8.621191
8.652199
8.683196
8.714182
8.745156
8.776119
8.807071
8.838011
8.868940
8.899857
8.930762
8.961655
8.992535
9.023403
9.054259
9.085102
9.115932
9.146749
9.177553
9.208343
9.239120
9.269883
9.300633
9.331368
9.362090
9.392798
9.423491
9.454169
9.484834
9.515483
9.546118
9.576738
9.607342
9.637932
9.668507
9.699066
9.729610
9.760138
9.790650
9.821147
9.851628
9.882093
9.912543
9.942976
9.973392
10.003793
10.034177
10.064545
10.094896
10.125231
10.155549
10.185850
10.216135
10.246402
10.276653
10.306887
10.337103
10.367302
10.397485
10.427649
10.457797
10.487927
10.518040
10.548135
10.578212
10.608272
10.638315
10.668339
10.698346
10.728335
10.758306
10.788259
10.818194
10.848111
10.878011
10.907892
10.937754
10.967599
10.997426
11.027234
11.057024
11.086795
11.116549
11.146284
11.176000
11.205698
11.235377
11.265038
11.294681
11.324305
11.353910
11.383497
11.413065
11.442614
11.472145
11.501656
11.531150
11.560624
11.590079
11.619516
11.648934
11.678333
11.707713
11.737075
11.766417
11.795741
11.825045
11.854331
11.883597
11.912845
11.942074
11.971284
12.000474
12.029646
12.058799
12.087932
12.117047
12.146142
12.175219
12.204276
12.233314
12.262333
12.291333
12.320314
12.349276
12.378219
12.407143
12.436047
12.464933
12.493799
12.522646
12.551474
12.580283
12.609073
12.637843
12.666595
12.695327
12.724041
12.752735
12.781410
12.810066
12.838702
12.867320
12.895918
12.924498
12.953058
12.981599
13.010121
13.038624
13.067108
13.095573
13.124019
13.152445
13.180853
13.209241
13.237611
13.265961
13.294292
13.322604
13.350898
13.379172
13.407427
13.435663
13.463881
13.492079
13.520258
13.548418
13.576560
13.604682
13.632785
13.660870
13.688935
13.716982
13.745010
13.773019
13.801009
13.828980
13.856932
13.884866
13.912780
13.940676
13.968553
13.996411
14.024251
14.052072
14.079874
14.107657
14.135421
14.163167
14.190894
14.218603
14.246292
14.273964
14.301616
14.329250
14.356865
14.384462
14.412040
14.439600
14.467141
14.494663
14.522167
14.549653
14.577120
14.604568
14.631998
14.659410
14.686803
14.714178
14.741534
14.768872
14.796192
14.823494
14.850777
14.878042
14.905288
14.932516
14.959726
14.986918
15.014092
15.041247
15.068385
15.095504
15.122605
15.149687
15.176752
15.203799
15.230827
15.257838
15.284831
15.311805
15.338762
15.365700
15.392621
15.419524
15.446408
15.473275
15.500124
15.526955
15.553769
15.580564
15.607342
15.634102
15.660844
15.687568
15.714275
15.740964
15.767635
15.794289
15.820925
15.847543
15.874144
15.900727
15.927293
15.953841
15.980372
16.006885
16.033381
16.059859
16.086319
16.112763
16.139189
16.165597
16.191988
16.218362
16.244720
16.271060
16.297385
16.323693
16.349986
16.376263
16.402525
16.428772
16.455004
16.481222
16.507426
16.533615
16.559791
16.585953
16.612102
16.638238
16.664361
16.690471
16.716569
16.742655
16.768729
16.794792
16.820842
16.846882
16.872910
16.898928
16.924935
16.950931
16.976917
17.002894
17.028860
17.054816
17.080764
17.106701
17.132630
17.158550
17.184461
17.210364
17.236258
17.262144
17.288022
17.313893
17.339755
17.365611
17.391459
17.417299
17.443133
17.468960
17.494781
17.520595
17.546402
17.572204
17.597999
17.623789
17.649573
17.675351
17.701124
17.726892
17.752654
17.778412
17.804165
17.829913
17.855657
17.881396
17.907131
17.932862
17.958589
17.984312
18.010032
18.035747
18.061460
18.087169
18.112875
18.138578
18.164277
18.189974
18.215669
18.241361
18.267050
18.292737
18.318421
18.344104
18.369785
18.395463
18.421140
18.446815
18.472489
18.498161
18.523832
18.549501
18.575170
18.600837
18.626504
18.652169
18.677834
18.703499
18.729162
18.754825
18.780488
18.806151
18.831814
18.857476
18.883138
18.908801
18.934464
18.960127
18.985790
19.011454
19.037118
19.062784
19.088449
19.114116
19.139783
19.165452
19.191121
19.216792
19.242464
19.268137
19.293811
19.319487
19.345164
19.370843
19.396524
19.422206
19.447890
19.473576
19.499264
19.524954
19.550646
19.576340
19.602036
19.627735
19.653436
19.679139
19.704845
19.730553
19.756264
19.781978
19.807694
19.833413
19.859135
19.884860
19.910587
19.936318
19.962052
19.987789
20.013529
20.039272
20.065019
20.090769
20.116522
20.142279
20.168039
20.193803
20.219571
20.245342
20.271117
20.296895
20.322678
20.348464
20.374254
20.400048
20.425846
20.451648
20.477454
20.503265
20.529079
20.554898
20.580721
20.606548
20.632379
20.658215
20.684055
20.709900
20.735749
20.761603
20.787462
20.813325
20.839192
20.865064
20.890942
20.916823
20.942710
20.968601
20.994498
21.020399
21.046305
21.072216
21.098132
21.124053
21.149980
21.175911
21.201847
21.227789
21.253736
21.279688
21.305645
21.331608
21.357576
21.383549
21.409528
21.435512
21.461501
21.487496
21.513496
21.539502
21.565514
21.591531
21.617553
21.643581
21.669615
21.695655
21.721700
21.747751
21.773807
21.799870
21.825938
21.852012
21.878092
21.904177
21.930269
21.956366
21.982469
22.008578
22.034694
22.060815
22.086942
22.113075
22.139214
22.165359
22.191510
22.217668
22.243831
22.270001
22.296176
22.322358
22.348546
22.374740
22.400941
22.427147
22.453360
22.479579
22.505804
22.532036
22.558274
22.584518
22.610768
22.637025
22.663288
22.689558
22.715834
22.742116
22.768405
22.794700
22.821002
22.847310
22.873624
22.899945
22.926272
22.952606
22.978947
23.005293
23.031647
23.058007
23.084373
23.110746
23.137125
23.163512
23.189904
23.216303
23.242709
23.269122
23.295541
23.321966
23.348399
23.374837
23.401283
23.427735
23.454194
23.480659
23.507132
23.533610
23.560096
23.586588
23.613087
23.639593
23.666105
23.692624
23.719150
23.745682
23.772221
23.798767
23.825320
23.851879
23.878445
23.905018
23.931598
23.958184
23.984777
24.011377
24.037984
24.064598
24.091218
24.117845
24.144479
24.171119
24.197767
24.224421
24.251082
24.277750
24.304424
24.331106
24.357794
24.384489
24.411191
24.437899
24.464615
24.491337
24.518066
24.544802
24.571544
24.598294
24.625050
24.651813
24.678583
24.705360
24.732143
24.758934
24.785731
24.812535
24.839346
24.866164
24.892988
24.919819
24.946657
24.973502
25.000354
25.027213
25.054078
25.080950
25.107829
25.134715
25.161607
25.188507
25.215413
25.242326
25.269246
25.296172
25.323106
25.350046
25.376993
25.403947
25.430907
25.457875
25.484849
25.511830
25.538817
25.565812
25.592813
25.619821
25.646836
25.673858
25.700886
25.727921
25.754963
25.782011
25.809066
25.836129
25.863197
25.890273
25.917355
25.944444
25.971540
25.998642
26.025751
26.052867
26.079990
26.107119
26.134255
26.161397
26.188547
26.215703
26.242865
26.270035
26.297211
26.324394
26.351583
26.378779
26.405982
26.433191
26.460407
26.487629
26.514859
26.542094
26.569337
26.596586
26.623842
26.651104
26.678373
26.705648
26.732930
26.760219
26.787514
26.814816
26.842124
26.869439
26.896760
26.924088
26.951423
26.978764
27.006111
27.033466
27.060826
27.088193
27.115567
27.142947
27.170334
27.197727
27.225126
27.252532
27.279945
27.307364
27.334789
27.362221
27.389659
27.417104
27.444555
27.472012
27.499476
27.526946
27.554423
27.581906
27.609396
27.636891
27.664393
27.691902
27.719417
27.746938
27.774466
27.802000
27.829540
27.857086
27.884639
27.912198
27.939764
27.967335
27.994913
28.022497
28.050088
28.077685
28.105288
28.132897
28.160512
28.188134
28.215762
28.243396
28.271036
28.298682
28.326335
28.353994
28.381659
28.409330
28.437007
28.464690
28.492380
28.520076
28.547777
28.575485
28.603199
28.630919
28.658645
28.686378
28.714116
28.741860
28.769610
28.797367
28.825129
28.852898
28.880672
28.908453
28.936239
28.964032
28.991830
29.019635
29.047445
29.075261
29.103084
29.130912
29.158746
29.186586
29.214432
29.242284
29.270142
29.298005
29.325875
29.353750
29.381631
29.409519
29.437412
29.465310
29.493215
29.521125
29.549042
29.576964
29.604891
29.632825
29.660764
29.688709
29.716660
29.744617
29.772579
29.800547
29.828521
29.856500
29.884484
29.912474
29.940469
29.968469
29.996474
30.024484
30.052499
30.080518
30.108543
30.136571
30.164605
30.192643
30.220685
30.248731
30.276782
30.304837
30.332896
30.360958
30.389025
30.417095
30.445169
30.473247
30.501328
30.529413
30.557501
30.585592
30.613687
30.641785
30.669886
30.697990
30.726096
30.754206
30.782318
30.810433
30.838551
30.866672
30.894794
30.922920
30.951047
30.979177
31.007309
31.035443
31.063579
31.091717
31.119857
31.147999
31.176143
31.204288
31.232435
31.260583
31.288733
31.316885
31.345037
31.373192
31.401347
31.429503
31.457661
31.485819
31.513979
31.542139
31.570300
31.598462
31.626625
31.654788
31.682952
31.711116
31.739281
31.767446
31.795612
31.823777
31.851943
31.880109
31.908275
31.936442
31.964608
31.992774
32.020939
32.049105
32.077270
32.105435
32.133600
32.161764
32.189927
32.218090
32.246252
32.274414
32.302575
32.330735
32.358894
32.387052
32.415209
32.443365
32.471520
32.499674
32.527827
32.555979
32.584129
32.612278
32.640425
32.668571
32.696715
32.724858
32.753000
32.781139
32.809277
32.837413
32.865547
32.893679
32.921810
32.949938
32.978064
33.006189
33.034311
33.062431
33.090548
33.118664
33.146777
33.174887
33.202995
33.231101
33.259204
33.287305
33.315403
33.343498
33.371591
33.399681
33.427768
33.455852
33.483933
33.512012
33.540087
33.568159
33.596229
33.624295
33.652358
33.680417
33.708474
33.736527
33.764577
33.792623
33.820666
33.848705
33.876741
33.904774
33.932802
33.960828
33.988849
34.016867
34.044881
34.072891
34.100897
34.128899
34.156898
34.184892
34.212883
34.240869
34.268851
34.296829
34.324803
34.352773
34.380738
34.408700
34.436656
34.464609
34.492557
34.520500
34.548440
34.576374
34.604304
34.632230
34.660150
34.688067
34.715978
34.743885
34.771787
34.799684
34.827576
34.855463
34.883346
34.911223
34.939096
34.966963
34.994825
35.022683
35.050535
35.078382
35.106224
35.134060
35.161891
35.189717
35.217538
35.245353
35.273163
35.300967
35.328766
35.356560
35.384348
35.412130
35.439907
35.467678
35.495443
35.523203
35.550957
35.578706
35.606448
35.634185
35.661916
35.689641
35.717360
35.745073
35.772780
35.800481
35.828176
35.855865
35.883548
35.911225
35.938896
35.966560
35.994219
36.021871
36.049517
36.077156
36.104789
36.132416
36.160037
36.187651
36.215259
36.242860
36.270455
36.298043
36.325625
36.353200
36.380769
36.408330
36.435886
36.463434
36.490976
36.518512
36.546040
36.573562
36.601077
36.628585
36.656086
36.683580
36.711068
36.738548
36.766022
36.793489
36.820948
36.848401
36.875846
36.903285
36.930716
36.958140
36.985557
37.012967
37.040370
37.067766
37.095154
37.122535
37.149909
37.177275
37.204634
37.231986
37.259330
37.286667
37.313997
37.341319
37.368634
37.395941
37.423241
37.450533
37.477817
37.505095
37.532364
37.559626
37.586880
37.614127
37.641365
37.668597
37.695820
37.723036
37.750244
37.777444
37.804636
37.831821
37.858997
37.886166
37.913327
37.940480
37.967626
37.994763
38.021892
38.049013
38.076127
38.103232
38.130329
38.157418
38.184499
38.211573
38.238637
38.265694
38.292743
38.319783
38.346816
38.373840
38.400856
38.427864
38.454863
38.481854
38.508837
38.535812
38.562778
38.589736
38.616685
38.643627
38.670559
38.697484
38.724400
38.751307
38.778206
38.805097
38.831979
38.858853
38.885718
38.912574
38.939422
38.966262
38.993093
39.019915
39.046729
39.073534
39.100330
39.127118
39.153897
39.180667
39.207429
39.234182
39.260926
39.287662
39.314388
39.341106
39.367815
39.394516
39.421207
39.447890
39.474564
39.501229
39.527885
39.554532
39.581170
39.607800
39.634420
39.661031
39.687634
39.714228
39.740812
39.767388
39.793954
39.820512
39.847060
39.873600
39.900130
39.926651
39.953164
39.979667
40.006161
40.032645
40.059121
40.085588
40.112045
40.138493
40.164932
40.191362
40.217783
40.244194
40.270596
40.296989
40.323373
40.349747
40.376113
40.402468
40.428815
40.455152
40.481480
40.507798
40.534108
40.560407
40.586698
40.612979
40.639251
40.665513
40.691766
40.718009
40.744243
40.770468
40.796683
40.822888
40.849085
40.875271
40.901448
40.927616
40.953774
40.979923
41.006062
41.032192
41.058311
41.084422
41.110523
41.136614
41.162696
41.188768
41.214830
41.240883
41.266926
41.292960
41.318984
41.344998
41.371002
41.396997
41.422983
41.448958
41.474924
41.500880
41.526826
41.552763
41.578690
41.604607
41.630515
41.656412
41.682300
41.708178
41.734047
41.759905
41.785754
41.811593
41.837422
41.863241
41.889051
41.914850
41.940640
41.966420
41.992190
42.017950
42.043700
42.069441
42.095171
42.120892
42.146603
42.172303
42.197994
42.223675
42.249346
42.275007
42.300658
42.326299
42.351931
42.377552
42.403163
42.428764
42.454355
42.479937
42.505508
42.531069
42.556620
42.582162
42.607693
42.633214
42.658725
42.684226
42.709717
42.735198
42.760669
42.786130
42.811580
42.837021
42.862451
42.887872
42.913282
42.938682
42.964073
42.989453
43.014822
43.040182
43.065532
43.090871
43.116201
43.141520
43.166829
43.192128
43.217416
43.242695
43.267963
43.293221
43.318469
43.343707
43.368934
43.394152
43.419359
43.444556
43.469743
43.494919
43.520085
43.545242
43.570387
43.595523
43.620648
43.645763
43.670868
43.695963
43.721047
43.746121
43.771185
43.796238
43.821282
43.846315
43.871337
43.896350
43.921352
43.946343
43.971325
43.996296
44.021257
44.046207
44.071148
44.096077
44.120997
44.145906
44.170805
44.195694
44.220572
44.245440
44.270297
44.295145
44.319981
44.344808
44.369624
44.394430
44.419225
44.444010
44.468785
44.493549
44.518303
44.543046
44.567779
44.592502
44.617214
44.641916
44.666608
44.691289
44.715960
44.740620
44.765270
44.789909
44.814538
44.839157
44.863765
44.888363
44.912950
44.937527
44.962094
44.986650
45.011196
45.035731
45.060256
45.084770
45.109274
45.133767
45.158250
45.182723
45.207185
45.231636
45.256077
45.280508
45.304928
45.329338
45.353737
45.378126
45.402505
45.426872
45.451230
45.475577
45.499913
45.524239
45.548555
45.572860
45.597154
45.621438
45.645712
45.669975
45.694227
45.718469
45.742701
45.766922
45.791133
45.815333
45.839522
45.863701
45.887870
45.912028
45.936175
45.960312
45.984439
46.008555
46.032660
46.056755
46.080840
46.104914
46.128977
46.153030
46.177072
46.201104
46.225126
46.249136
46.273137
46.297127
46.321106
46.345075
46.369033
46.392980
46.416918
46.440844
46.464760
46.488666
46.512561
46.536445
46.560319
46.584183
46.608035
46.631878
46.655710
46.679531
46.703342
46.727142
46.750931
46.774711
46.798479
46.822237
46.845985
46.869722
46.893448
46.917164
46.940869
46.964564
46.988248
47.011922
47.035585
47.059238
47.082880
47.106511
47.130132
47.153743
47.177343
47.200932
47.224511
47.248079
47.271637
47.295184
47.318721
47.342247
47.365762
47.389267
47.412762
47.436246
47.459719
47.483182
47.506634
47.530076
47.553507
47.576928
47.600338
47.623738
47.647127
47.670505
47.693873
47.717231
47.740578
47.763914
47.787240
47.810555
47.833860
47.857154
47.880438
47.903711
47.926973
47.950226
47.973467
47.996698
48.019919
48.043128
48.066328
48.089517
48.112695
48.135863
48.159020
48.182167
48.205303
48.228429
48.251544
48.274649
48.297743
48.320826
48.343900
48.366962
48.390014
48.413056
48.436087
48.459107
48.482117
48.505117
48.528106
48.551084
48.574052
48.597009
48.619956
48.642893
48.665818
48.688734
48.711639
48.734533
48.757417
48.780290
48.803153
48.826005
48.848847
48.871679
48.894499
48.917310
48.940110
48.962899
48.985678
49.008446
49.031204
49.053952
49.076689
49.099415
49.122131
49.144837
49.167532
49.190216
49.212890
49.235554
49.258207
49.280849
49.303482
49.326103
49.348714
49.371315
49.393906
49.416485
49.439055
49.461614
49.484162
49.506700
49.529228
49.551745
49.574251
49.596748
49.619233
49.641709
49.664173
49.686628
49.709072
49.731505
49.753928
49.776341
49.798743
49.821135
49.843516
49.865887
49.888248
49.910598
49.932937
49.955267
49.977585
49.999894
50.022192
50.044479
50.066757
50.089023
50.111280
50.133526
50.155761
50.177986
50.200201
50.222405
50.244599
50.266783
50.288956
50.311119
50.333271
50.355413
50.377545
50.399666
50.421777
50.443877
50.465967
50.488047
50.510116
50.532175
50.554224
50.576262
50.598290
50.620308
50.642315
50.664312
50.686298
50.708275
50.730240
50.752196
50.774141
50.796076
50.818000
50.839914
50.861818
50.883711
50.905594
50.927467
50.949330
50.971182
50.993024
51.014855
51.036676
51.058487
51.080288
51.102078
51.123858
51.145628
51.167387
51.189136
51.210875
51.232603
51.254322
51.276030
51.297727
51.319415
51.341092
51.362758
51.384415
51.406061
51.427697
51.449323
51.470938
51.492544
51.514138
51.535723
51.557298
51.578862
51.600416
51.621959
51.643493
51.665016
51.686529
51.708032
51.729524
51.751007
51.772479
51.793941
51.815392
51.836834
51.858265
51.879686
51.901097
51.922497
51.943887
51.965268
51.986638
52.007997
52.029347
52.050686
52.072016
52.093335
52.114644
52.135942
52.157231
52.178509
52.199777
52.221035
52.242283
52.263521
52.284748
52.305966
52.327173
52.348370
52.369557
52.390734
52.411900
52.433057
52.454203
52.475339
52.496466
52.517582
52.538688
52.559783
52.580869
52.601944
52.623010
52.644065
52.665110
52.686146
52.707171
52.728186
52.749190
52.770185
52.791170
52.812144
52.833109
52.854063
52.875008
52.895942
52.916866
52.937781
52.958685
52.979579
53.000463
53.021337
53.042201
53.063055
53.083898
53.104732
53.125556
53.146370
53.167173
53.187967
53.208751
53.229524
53.250288
53.271042
53.291785
53.312519
53.333243
53.353956
53.374660
53.395353
53.416037
53.436711
53.457374
53.478028
53.498672
53.519306
53.539929
53.560543
53.581147
53.601741
53.622325
53.642899
53.663463
53.684017
53.704561
53.725096
53.745620
53.766134
53.786639
53.807133
53.827618
53.848092
53.868557
53.889012
53.909457
53.929892
53.950317
53.970732
53.991138
54.011533
54.031919
54.052294
54.072660
54.093016
54.113362
54.133698
54.154025
54.174341
54.194648
54.214944
54.235231
54.255508
54.275776
54.296033
54.316280
54.336518
54.356746
54.376964
54.397172
54.417371
54.437559
54.457738
54.477907
54.498066
54.518215
54.538355
54.558484
54.578604
54.598715
54.618815
54.638905
54.658986
54.679057
54.699119
54.719170
54.739212
54.759244
54.779266
54.799278
54.819281
54.839274
54.859257
54.879231
54.899194
54.919148
54.939093
54.959027
54.978952
54.998867
55.018772
55.038668
55.058554
55.078430
55.098297
55.118154
55.138001
55.157838
55.177666
55.197484
55.217293
55.237092
55.256881
55.276660
55.296430
55.316190
55.335941
55.355681
55.375413
55.395134
55.414846
55.434548
55.454241
55.473924
55.493597
55.513261
55.532915
55.552559
55.572194
55.591820
55.611435
55.631041
55.650638
55.670225
55.689802
55.709370
55.728928
55.748476
55.768015
55.787545
55.807064
55.826575
55.846075
55.865567
55.885048
55.904520
55.923983
55.943436
55.962879
55.982313
56.001737
56.021152
56.040558
56.059953
56.079340
56.098716
56.118084
56.137441
56.156790
56.176128
56.195458
56.214778
56.234088
56.253389
56.272680
56.291962
56.311234
56.330497
56.349751
56.368995
56.388229
56.407455
56.426670
56.445876
56.465073
56.484261
56.503439
56.522607
56.541766
56.560916
56.580056
56.599187
56.618308
56.637420
56.656523
56.675616
56.694700
56.713774
56.732840
56.751895
56.770941
56.789978
56.809006
56.828024
56.847033
56.866032
56.885023
56.904003
56.922975
56.941937
56.960890
56.979833
56.998767
57.017692
57.036607
57.055513
57.074410
57.093298
57.112176
57.131045
57.149904
57.168755
57.187596
57.206427
57.225250
57.244063
57.262867
57.281661
57.300447
57.319223
57.337989
57.356747
57.375495
57.394234
57.412964
57.431684
57.450396
57.469098
57.487791
57.506474
57.525149
57.543814
57.562470
57.581116
57.599754
57.618382
57.637001
57.655611
57.674212
57.692804
57.711386
57.729959
57.748523
57.767078
57.785624
57.804160
57.822688
57.841206
57.859715
57.878215
57.896706
57.915187
57.933660
57.952123
57.970577
57.989022
58.007458
58.025885
58.044303
58.062712
58.081111
58.099502
58.117883
58.136255
58.154618
58.172972
58.191317
58.209653
58.227980
58.246298
58.264606
58.282906
58.301197
58.319478
58.337751
58.356014
58.374268
58.392514
58.410750
58.428977
58.447196
58.465405
58.483605
58.501796
58.519979
58.538152
58.556316
58.574471
58.592617
58.610754
58.628883
58.647002
58.665112
58.683213
58.701306
58.719389
58.737463
58.755529
58.773585
58.791633
58.809671
58.827701
58.845722
58.863733
58.881736
58.899730
58.917715
58.935691
58.953658
58.971616
58.989566
59.007506
59.025437
59.043360
59.061274
59.079179
59.097074
59.114962
59.132840
59.150709
59.168569
59.186421
59.204264
59.222098
59.239923
59.257739
59.275546
59.293344
59.311134
59.328915
59.346687
59.364450
59.382204
59.399950
59.417686
59.435414
59.453133
59.470844
59.488545
59.506238
59.523922
59.541597
59.559263
59.576921
59.594569
59.612209
59.629841
59.647463
59.665077
59.682682
59.700278
59.717865
59.735444
59.753014
59.770575
59.788128
59.805672
59.823207
59.840733
59.858251
59.875760
59.893260
59.910751
59.928234
59.945708
59.963174
59.980630
59.998079
60.015518
60.032949
60.050371
60.067784
60.085189
60.102585
60.119972
60.137351
60.154721
60.172082
60.189435
60.206779
60.224115
60.241442
60.258760
60.276070
60.293371
60.310663
60.327947
60.345222
60.362489
60.379747
60.396996
60.414237
60.431469
60.448693
60.465908
60.483115
60.500313
60.517502
60.534683
60.551855
60.569019
60.586174
60.603321
60.620459
60.637588
60.654709
60.671822
60.688926
60.706021
60.723108
60.740187
60.757257
60.774318
60.791371
60.808415
60.825451
60.842479
60.859497
60.876508
60.893510
60.910503
60.927488
60.944465
60.961433
60.978393
60.995344
61.012287
61.029221
61.046147
61.063064
61.079973
61.096874
61.113766
61.130649
61.147525
61.164391
61.181250
61.198100
61.214942
61.231775
61.248600
61.265416
61.282224
61.299024
61.315815
61.332598
61.349372
61.366139
61.382896
61.399646
61.416387
61.433120
61.449844
61.466560
61.483268
61.499967
61.516658
61.533341
61.550015
61.566681
61.583339
61.599988
61.616629
61.633262
61.649886
61.666503
61.683111
61.699710
61.716301
61.732884
61.749459
61.766026
61.782584
61.799134
61.815676
61.832209
61.848734
61.865251
61.881760
61.898260
61.914752
61.931236
61.947712
61.964179
61.980639
61.997090
62.013532
62.029967
62.046393
62.062811
62.079221
62.095623
62.112017
62.128402
62.144779
62.161148
62.177509
62.193862
62.210206
62.226543
62.242871
62.259191
62.275503
62.291806
62.308102
62.324389
62.340669
62.356940
62.373203
62.389458
62.405704
62.421943
62.438174
62.454396
62.470610
62.486816
62.503015
62.519205
62.535386
62.551560
62.567726
62.583884
62.600033
62.616175
62.632308
62.648433
62.664551
62.680660
62.696761
62.712854
62.728939
62.745016
62.761085
62.777146
62.793199
62.809244
62.825281
62.841309
62.857330
62.873343
62.889348
62.905345
62.921333
62.937314
62.953287
62.969252
62.985209
63.001157
63.017098
63.033031
63.048956
63.064873
63.080782
63.096683
63.112576
63.128461
63.144338
63.160207
63.176069
63.191922
63.207767
63.223605
63.239434
63.255256
63.271070
63.286875
63.302673
63.318463
63.334245
63.350019
63.365786
63.381544
63.397294
63.413037
63.428772
63.444499
63.460218
63.475929
63.491632
63.507327
63.523015
63.538694
63.554366
63.570030
63.585686
63.601334
63.616975
63.632607
63.648232
63.663849
63.679458
63.695060
63.710653
63.726239
63.741817
63.757387
63.772949
63.788504
63.804050
63.819589
63.835120
63.850644
63.866159
63.881667
63.897167
63.912659
63.928144
63.943620
63.959089
63.974551
63.990004
64.005450
64.020888
64.036318
64.051741
64.067156
64.082563
64.097962
64.113354
64.128738
64.144114
64.159482
64.174843
64.190196
64.205542
64.220880
64.236210
64.251532
64.266847
64.282154
64.297453
64.312745
64.328029
64.343305
64.358574
64.373835
64.389088
64.404334
64.419572
64.434803
64.450025
64.465241
64.480448
64.495648
64.510841
64.526025
64.541202
64.556372
64.571534
64.586688
64.601835
64.616974
64.632105
64.647229
64.662346
64.677454
64.692555
64.707649
64.722735
64.737814
64.752884
64.767948
64.783004
64.798052
64.813093
64.828126
64.843151
64.858169
64.873180
64.888183
64.903178
64.918166
64.933147
64.948120
64.963085
64.978043
64.992994
65.007936
65.022872
65.037800
65.052720
65.067633
65.082539
65.097437
65.112327
65.127210
65.142086
65.156954
65.171815
65.186668
65.201513
65.216352
65.231183
65.246006
65.260822
65.275631
65.290432
65.305225
65.320012
65.334790
65.349562
65.364326
65.379082
65.393832
65.408573
65.423308
65.438035
65.452754
65.467467
65.482171
65.496869
65.511559
65.526242
65.540917
65.555585
65.570246
65.584899
65.599545
65.614183
65.628814
65.643438
65.658055
65.672664
65.687266
65.701860
65.716447
65.731027
65.745600
65.760165
65.774723
65.789273
65.803817
65.818353
65.832881
65.847403
65.861917
65.876424
65.890923
65.905415
65.919900
65.934378
65.948848
65.963311
65.977767
65.992216
66.006657
66.021091
66.035518
66.049938
66.064350
66.078755
66.093153
66.107544
66.121927
66.136304
66.150673
66.165034
66.179389
66.193736
66.208076
66.222409
66.236735
66.251054
66.265365
66.279669
66.293966
66.308256
66.322538
66.336814
66.351082
66.365343
66.379597
66.393844
66.408084
66.422316
66.436541
66.450759
66.464970
66.479174
66.493371
66.507561
66.521743
66.535918
66.550087
66.564248
66.578402
66.592548
66.606688
66.620821
66.634946
66.649065
66.663176
66.677280
66.691378
66.705468
66.719551
66.733627
66.747695
66.761757
66.775812
66.789859
66.803900
66.817934
66.831960
66.845979
66.859992
66.873997
66.887995
66.901987
66.915971
66.929948
66.943918
66.957881
66.971837
66.985786
66.999728
67.013663
67.027591
67.041513
67.055427
67.069334
67.083234
67.097127
67.111013
67.124892
67.138764
67.152629
67.166487
67.180338
67.194183
67.208020
67.221850
67.235674
67.249490
67.263299
67.277102
67.290898
67.304686
67.318468
67.332243
67.346010
67.359771
67.373525
67.387272
67.401012
67.414746
67.428472
67.442191
67.455904
67.469610
67.483308
67.497000
67.510685
67.524363
67.538034
67.551698
67.565356
67.579006
67.592650
67.606287
67.619917
67.633540
67.647156
67.660766
67.674368
67.687964
67.701553
67.715135
67.728710
67.742278
67.755840
67.769394
67.782942
67.796483
67.810017
67.823545
67.837065
67.850579
67.864086
67.877586
67.891080
67.904566
67.918046
67.931519
67.944986
67.958445
67.971898
67.985344
67.998783
68.012215
68.025641
68.039060
68.052472
68.065877
68.079276
68.092668
68.106053
68.119431
68.132803
68.146168
68.159526
68.172877
68.186222
68.199560
68.212891
68.226216
68.239534
68.252845
68.266149
68.279447
68.292738
68.306023
68.319300
68.332571
68.345836
68.359093
68.372344
68.385588
68.398826
68.412057
68.425281
68.438499
68.451710
68.464914
68.478112
68.491303
68.504487
68.517665
68.530836
68.544000
68.557158
68.570309
68.583454
68.596592
68.609723
68.622848
68.635966
68.649077
68.662182
68.675280
68.688372
68.701457
68.714536
68.727607
68.740673
68.753731
68.766784
68.779829
68.792868
68.805900
68.818926
68.831946
68.844958
68.857964
68.870964
68.883957
68.896944
68.909923
68.922897
68.935864
68.948824
68.961778
68.974725
68.987666
69.000600
69.013528
69.026449
69.039363
69.052272
69.065173
69.078068
69.090957
69.103839
69.116715
69.129584
69.142447
69.155303
69.168152
69.180996
69.193832
69.206663
69.219486
69.232304
69.245115
69.257919
69.270717
69.283508
69.296293
69.309072
69.321844
69.334610
69.347369
69.360122
69.372868
69.385608
69.398342
69.411069
69.423789
69.436504
69.449212
69.461913
69.474608
69.487297
69.499979
69.512655
69.525324
69.537987
69.550644
69.563294
69.575938
69.588575
69.601207
69.613831
69.626450
69.639062
69.651667
69.664267
69.676860
69.689446
69.702026
69.714600
69.727168
69.739729
69.752284
69.764832
69.777374
69.789910
69.802440
69.814963
69.827480
69.839990
69.852495
69.864993
69.877484
69.889969
69.902448
69.914921
69.927388
69.939848
69.952302
69.964749
69.977190
69.989625
70.002054
70.014476
70.026892
70.039302
70.051706
70.064103
70.076494
70.088879
70.101258
70.113630
70.125996
70.138356
70.150710
70.163057
70.175398
70.187733
70.200061
70.212384
70.224700
70.237010
70.249314
70.261611
70.273903
70.286188
70.298467
70.310739
70.323006
70.335266
70.347520
70.359768
70.372010
70.384245
70.396475
70.408698
70.420915
70.433126
70.445330
70.457529
70.469721
70.481907
70.494087
70.506261
70.518429
70.530590
70.542746
70.554895
70.567038
70.579175
70.591306
70.603431
70.615549
70.627662
70.639768
70.651868
70.663962
70.676050
70.688132
70.700208
70.712277
70.724341
70.736398
70.748450
70.760495
70.772534
70.784567
70.796594
70.808615
70.820630
70.832639
70.844641
70.856638
70.868629
70.880613
70.892591
70.904564
70.916530
70.928490
70.940445
70.952393
70.964335
70.976271
70.988201
71.000125
71.012043
71.023955
71.035861
71.047761
71.059654
71.071542
71.083424
71.095300
71.107170
71.119033
71.130891
71.142743
71.154589
71.166429
71.178262
71.190090
71.201912
71.213728
71.225538
71.237342
71.249140
71.260931
71.272717
71.284497
71.296271
71.308040
71.319802
71.331558
71.343308
71.355052
71.366791
71.378523
71.390249
71.401970
71.413685
71.425393
71.437096
71.448793
71.460484
71.472168
71.483847
71.495521
71.507188
71.518849
71.530504
71.542154
71.553797
71.565435
71.577067
71.588693
71.600313
71.611927
71.623535
71.635137
71.646734
71.658324
71.669909
71.681488
71.693061
71.704628
71.716189
71.727745
71.739294
71.750838
71.762376
71.773908
71.785434
71.796954
71.808469
71.819977
71.831480
71.842977
71.854468
71.865954
71.877433
71.888907
71.900375
71.911837
71.923293
71.934743
71.946188
71.957627
71.969060
71.980487
71.991908
72.003324
72.014734
72.026138
72.037536
72.048929
72.060315
72.071696
72.083071
72.094441
72.105804
72.117162
72.128514
72.139861
72.151201
72.162536
72.173865
72.185188
72.196506
72.207818
72.219124
72.230424
72.241719
72.253008
72.264291
72.275569
72.286840
72.298106
72.309367
72.320621
72.331870
72.343113
72.354351
72.365582
72.376808
72.388029
72.399243
72.410452
72.421656
72.432853
72.444045
72.455231
72.466412
72.477587
72.488756
72.499919
72.511077
72.522229
72.533376
72.544517
72.555652
72.566781
72.577905
72.589023
72.600136
72.611243
72.622344
72.633440
72.644530
72.655614
72.666693
72.677766
72.688834
72.699896
72.710952
72.722003
72.733048
72.744087
72.755121
72.766149
72.777172
72.788189
72.799200
72.810206
72.821206
72.832201
72.843190
72.854173
72.865151
72.876123
72.887090
72.898051
72.909006
72.919956
72.930901
72.941840
72.952773
72.963701
72.974623
72.985539
72.996451
73.007356
73.018256
73.029150
73.040039
73.050923
73.061800
73.072673
73.083539
73.094401
73.105256
73.116107
73.126951
73.137790
73.148624
73.159452
73.170275
73.181092
73.191903
73.202709
73.213510
73.224305
73.235095
73.245879
73.256657
73.267430
73.278198
73.288960
73.299717
73.310468
73.321214
73.331954
73.342689
73.353418
73.364142
73.374861
73.385573
73.396281
73.406983
73.417680
73.428371
73.439056
73.449737
73.460411
73.471081
73.481745
73.492403
73.503056
73.513704
73.524346
73.534983
73.545614
73.556240
73.566861
73.577476
73.588086
73.598690
73.609289
73.619883
73.630471
73.641054
73.651631
73.662203
73.672769
73.683331
73.693886
73.704437
73.714982
73.725521
73.736056
73.746585
73.757108
73.767626
73.778139
73.788647
73.799149
73.809645
73.820137
73.830623
73.841103
73.851579
73.862049
73.872513
73.882973
73.893427
73.903875
73.914319
73.924757
73.935189
73.945617
73.956039
73.966455
73.976867
73.987273
73.997674
74.008069
74.018459
74.028844
74.039224
74.049598
74.059967
74.070330
74.080689
74.091042
74.101390
74.111732
74.122069
74.132401
74.142728
74.153049
74.163366
74.173676
74.183982
74.194282
74.204577
74.214867
74.225152
74.235431
74.245705
74.255974
74.266237
74.276496
74.286749
74.296997
74.307239
74.317477
74.327709
74.337936
74.348157
74.358374
74.368585
74.378791
74.388992
74.399187
74.409378
74.419563
74.429743
74.439918
74.450087
74.460251
74.470411
74.480565
74.490713
74.500857
74.510995
74.521128
74.531256
74.541379
74.551497
74.561609
74.571717
74.581819
74.591916
74.602008
74.612094
74.622176
74.632252
74.642323
74.652389
74.662450
74.672506
74.682556
74.692602
74.702642
74.712677
74.722707
74.732732
74.742752
74.752766
74.762776
74.772780
74.782779
74.792773
74.802762
74.812746
74.822725
74.832699
74.842667
74.852631
74.862589
74.872542
74.882490
74.892433
74.902371
74.912304
74.922232
74.932155
74.942072
74.951985
74.961892
74.971794
74.981692
74.991584
75.001471
75.011353
75.021230
75.031102
75.040969
75.050831
75.060687
75.070539
75.080386
75.090227
75.100064
75.109895
75.119722
75.129543
75.139360
75.149171
75.158977
75.168778
75.178575
75.188366
75.198152
75.207933
75.217709
75.227481
75.237247
75.247008
75.256764
75.266515
75.276261
75.286002
75.295738
75.305469
75.315196
75.324917
75.334633
75.344344
75.354050
75.363751
75.373447
75.383139
75.392825
75.402506
75.412182
75.421854
75.431520
75.441181
75.450838
75.460489
75.470136
75.479777
75.489414
75.499045
75.508672
75.518294
75.527911
75.537522
75.547129
75.556731
75.566328
75.575920
75.585507
75.595090
75.604667
75.614239
75.623807
75.633369
75.642927
75.652480
75.662027
75.671570
75.681108
75.690641
75.700169
75.709693
75.719211
75.728724
75.738233
75.747737
75.757235
75.766729
75.776218
75.785702
75.795182
75.804656
75.814125
75.823590
75.833050
75.842505
75.851955
75.861400
75.870840
75.880275
75.889706
75.899132
75.908552
75.917968
75.927380
75.936786
75.946187
75.955584
75.964976
75.974362
75.983745
75.993122
76.002494
76.011862
76.021224
76.030582
76.039935
76.049284
76.058627
76.067966
76.077300
76.086629
76.095953
76.105272
76.114587
76.123897
76.133202
76.142502
76.151797
76.161088
76.170373
76.179654
76.188931
76.198202
76.207469
76.216731
76.225988
76.235240
76.244487
76.253730
76.262968
76.272201
76.281430
76.290654
76.299872
76.309087
76.318296
76.327501
76.336701
76.345896
76.355086
76.364272
76.373453
76.382629
76.391800
76.400967
76.410129
76.419286
76.428438
76.437586
76.446729
76.455868
76.465001
76.474130
76.483254
76.492373
76.501488
76.510598
76.519703
76.528804
76.537900
76.546991
76.556077
76.565159
76.574236
76.583309
76.592376
76.601439
76.610498
76.619551
76.628600
76.637644
76.646684
76.655719
76.664749
76.673775
76.682795
76.691812
76.700823
76.709830
76.718832
76.727830
76.736823
76.745811
76.754794
76.763773
76.772747
76.781717
76.790682
76.799642
76.808598
76.817549
76.826495
76.835437
76.844374
76.853307
76.862235
76.871158
76.880077
76.888991
76.897900
76.906805
76.915705
76.924600
76.933491
76.942378
76.951259
76.960136
76.969009
76.977877
76.986740
76.995599
77.004453
77.013302
77.022147
77.030987
77.039823
77.048654
77.057481
77.066303
77.075120
77.083933
77.092741
77.101545
77.110344
77.119138
77.127928
77.136714
77.145495
77.154271
77.163043
77.171810
77.180572
77.189330
77.198084
77.206833
77.215577
77.224317
77.233052
77.241783
77.250509
77.259231
77.267948
77.276661
77.285369
77.294073
77.302772
77.311466
77.320156
77.328842
77.337523
77.346199
77.354871
77.363538
77.372201
77.380860
77.389514
77.398163
77.406808
77.415448
77.424084
77.432716
77.441343
77.449965
77.458583
77.467196
77.475805
77.484410
77.493010
77.501605
77.510196
77.518783
77.527365
77.535943
77.544516
77.553085
77.561649
77.570209
77.578764
77.587315
77.595861
77.604403
77.612940
77.621473
77.630002
77.638526
77.647046
77.655561
77.664072
77.672578
77.681080
77.689578
77.698071
77.706559
77.715044
77.723523
77.731999
77.740470
77.748936
77.757398
77.765856
77.774309
77.782758
77.791202
77.799642
77.808078
77.816509
77.824936
77.833358
77.841776
77.850190
77.858599
77.867004
77.875404
77.883800
77.892192
77.900579
77.908962
77.917341
77.925715
77.934085
77.942450
77.950811
77.959168
77.967520
77.975868
77.984211
77.992550
78.000885
78.009216
78.017542
78.025863
78.034181
78.042494
78.050802
78.059107
78.067407
78.075702
78.083993
78.092280
78.100563
78.108841
78.117115
78.125385
78.133650
78.141911
78.150168
78.158420
78.166668
78.174911
78.183151
78.191386
78.199616
78.207843
78.216065
78.224283
78.232496
78.240705
78.248910
78.257111
78.265307
78.273499
78.281686
78.289870
78.298049
78.306223
78.314394
78.322560
78.330722
78.338880
78.347033
78.355182
78.363327
78.371467
78.379604
78.387735
78.395863
78.403987
78.412106
78.420221
78.428331
78.436438
78.444540
78.452638
78.460731
78.468820
78.476906
78.484986
78.493063
78.501135
78.509203
78.517267
78.525327
78.533382
78.541434
78.549480
78.557523
78.565562
78.573596
78.581626
78.589652
78.597673
78.605691
78.613704
78.621713
78.629717
78.637718
78.645714
78.653706
78.661694
78.669678
78.677657
78.685632
78.693603
78.701570
78.709533
78.717491
78.725445
78.733395
78.741341
78.749283
78.757221
78.765154
78.773083
78.781008
78.788929
78.796845
78.804758
78.812666
78.820570
78.828470
78.836366
78.844257
78.852145
78.860028
78.867907
78.875782
78.883653
78.891519
78.899382
78.907240
78.915094
78.922945
78.930790
78.938632
78.946470
78.954303
78.962133
78.969958
78.977779
78.985596
78.993409
79.001217
79.009022
79.016822
79.024618
79.032411
79.040199
79.047983
79.055762
79.063538
79.071310
79.079077
79.086841
79.094600
79.102355
79.110106
79.117853
79.125596
79.133335
79.141069
79.148800
79.156526
79.164249
79.171967
79.179681
79.187391
79.195098
79.202799
79.210497
79.218191
79.225881
79.233567
79.241248
79.248926
79.256599
79.264269
79.271934
79.279595
79.287252
79.294905
79.302554
79.310199
79.317840
79.325477
79.333110
79.340739
79.348364
79.355984
79.363601
79.371214
79.378822
79.386427
79.394027
79.401624
79.409216
79.416805
79.424389
79.431969
79.439546
79.447118
79.454686
79.462251
79.469811
79.477367
79.484919
79.492467
79.500012
79.507552
79.515088
79.522620
79.530148
79.537672
79.545193
79.552709
79.560221
79.567729
79.575233
79.582733
79.590229
79.597722
79.605210
79.612694
79.620174
79.627650
79.635123
79.642591
79.650055
79.657516
79.664972
79.672424
79.679873
79.687317
79.694758
79.702194
79.709627
79.717055
79.724480
79.731901
79.739317
79.746730
79.754139
79.761544
79.768945
79.776341
79.783734
79.791124
79.798509
79.805890
79.813267
79.820640
79.828010
79.835375
79.842737
79.850094
79.857448
79.864797
79.872143
79.879485
79.886823
79.894157
79.901487
79.908813
79.916136
79.923454
79.930768
79.938079
79.945385
79.952688
79.959987
79.967282
79.974573
79.981860
79.989143
79.996422
80.003698
80.010969
80.018237
80.025501
80.032760
80.040016
80.047268
80.054517
80.061761
80.069001
80.076238
80.083471
80.090699
80.097924
80.105145
80.112362
80.119576
80.126785
80.133991
80.141192
80.148390
80.155584
80.162774
80.169961
80.177143
80.184322
80.191496
80.198667
80.205834
80.212997
80.220157
80.227312
80.234464
80.241612
80.248756
80.255896
80.263032
80.270164
80.277293
80.284418
80.291539
80.298656
80.305769
80.312879
80.319984
80.327086
80.334184
80.341278
80.348369
80.355455
80.362538
80.369617
80.376692
80.383764
80.390831
80.397895
80.404955
80.412011
80.419063
80.426112
80.433156
80.440197
80.447235
80.454268
80.461297
80.468323
80.475345
80.482363
80.489378
80.496388
80.503395
80.510398
80.517398
80.524393
80.531385
80.538373
80.545357
80.552338
80.559314
80.566287
80.573256
80.580222
80.587183
80.594141
80.601095
80.608046
80.614992
80.621935
80.628874
80.635810
80.642741
80.649669
80.656593
80.663514
80.670430
80.677343
80.684252
80.691158
80.698059
80.704957
80.711852
80.718742
80.725629
80.732512
80.739391
80.746267
80.753139
80.760007
80.766871
80.773732
80.780589
80.787442
80.794292
80.801138
80.807980
80.814818
80.821653
80.828484
80.835311
80.842135
80.848955
80.855771
80.862584
80.869393
80.876198
80.882999
80.889797
80.896591
80.903382
80.910168
80.916951
80.923731
80.930506
80.937278
80.944047
80.950811
80.957572
80.964329
80.971083
80.977833
80.984579
80.991322
80.998061
81.004796
81.011528
81.018256
81.024980
81.031701
81.038418
81.045131
81.051841
81.058547
81.065249
81.071948
81.078643
81.085334
81.092022
81.098706
81.105387
81.112064
81.118737
81.125406
81.132072
81.138735
81.145393
81.152048
81.158700
81.165348
81.171992
81.178633
81.185269
81.191903
81.198533
81.205159
81.211781
81.218400
81.225015
81.231627
81.238235
81.244839
81.251440
81.258037
81.264631
81.271221
81.277807
81.284390
81.290969
81.297545
81.304117
81.310685
81.317250
81.323812
81.330369
81.336923
81.343474
81.350021
81.356564
81.363104
81.369640
81.376173
81.382702
81.389227
81.395749
81.402267
81.408782
81.415293
81.421801
81.428305
81.434805
81.441302
81.447795
81.454285
81.460771
81.467254
81.473733
81.480209
81.486681
81.493149
81.499614
81.506075
81.512533
81.518987
81.525438
81.531885
81.538329
81.544769
81.551206
81.557639
81.564068
81.570494
81.576917
81.583335
81.589751
81.596163
81.602571
81.608976
81.615377
81.621775
81.628169
81.634560
81.640947
81.647331
81.653711
81.660087
81.666461
81.672830
81.679196
81.685559
81.691918
81.698274
81.704626
81.710975
81.717320
81.723661
81.729999
81.736334
81.742665
81.748993
81.755317
81.761638
81.767955
81.774269
81.780579
81.786886
81.793189
81.799489
81.805785
81.812078
81.818367
81.824653
81.830935
81.837214
81.843490
81.849762
81.856030
81.862295
81.868557
81.874815
81.881070
81.887321
81.893569
81.899813
81.906054
81.912291
81.918525
81.924756
81.930983
81.937206
81.943426
81.949643
81.955856
81.962066
81.968273
81.974475
81.980675
81.986871
81.993064
81.999253
82.005439
82.011621
82.017800
82.023975
82.030147
82.036316
82.042481
82.048643
82.054801
82.060956
82.067108
82.073256
82.079401
82.085542
82.091680
82.097814
82.103945
82.110073
82.116197
82.122318
82.128435
82.134549
82.140660
82.146767
82.152871
82.158972
82.165069
82.171162
82.177252
82.183339
82.189423
82.195503
82.201580
82.207653
82.213723
82.219789
82.225852
82.231912
82.237969
82.244022
82.250071
82.256118
82.262161
82.268200
82.274236
82.280269
82.286298
82.292325
82.298347
82.304367
82.310383
82.316395
82.322404
82.328410
82.334413
82.340412
82.346408
82.352400
82.358390
82.364375
82.370358
82.376337
82.382313
82.388285
82.394254
82.400220
82.406182
82.412141
82.418097
82.424049
82.429998
82.435944
82.441887
82.447826
82.453761
82.459694
82.465623
82.471549
82.477471
82.483390
82.489306
82.495218
82.501127
82.507033
82.512936
82.518835
82.524731
82.530624
82.536513
82.542399
82.548281
82.554161
82.560037
82.565910
82.571779
82.577645
82.583508
82.589368
82.595224
82.601077
82.606927
82.612773
82.618616
82.624456
82.630292
82.636126
82.641956
82.647782
82.653606
82.659426
82.665243
82.671056
82.676866
82.682673
82.688477
82.694278
82.700075
82.705869
82.711659
82.717447
82.723231
82.729012
82.734789
82.740564
82.746335
82.752102
82.757867
82.763628
82.769386
82.775141
82.780893
82.786641
82.792386
82.798128
82.803866
82.809602
82.815334
82.821062
82.826788
82.832510
82.838229
82.843945
82.849658
82.855367
82.861073
82.866776
82.872476
82.878172
82.883866
82.889556
82.895242
82.900926
82.906606
82.912283
82.917957
82.923628
82.929295
82.934959
82.940620
82.946278
82.951933
82.957584
82.963232
82.968877
82.974519
82.980158
82.985793
82.991425
82.997054
83.002680
83.008302
83.013922
83.019538
83.025151
83.030760
83.036367
83.041970
83.047571
83.053168
83.058761
83.064352
83.069939
83.075524
83.081105
83.086683
83.092257
83.097829
83.103397
83.108962
83.114524
83.120083
83.125639
83.131191
83.136741
83.142287
83.147830
83.153369
83.158906
83.164440
83.169970
83.175497
83.181021
83.186542
83.192060
83.197574
83.203085
83.208594
83.214099
83.219601
83.225099
83.230595
83.236088
83.241577
83.247063
83.252546
83.258026
83.263503
83.268976
83.274447
83.279914
83.285378
83.290840
83.296298
83.301752
83.307204
83.312653
83.318098
83.323540
83.328980
83.334416
83.339849
83.345278
83.350705
83.356129
83.361549
83.366966
83.372381
83.377792
83.383200
83.388605
83.394006
83.399405
83.404801
83.410193
83.415583
83.420969
83.426352
83.431732
83.437109
83.442483
83.447854
83.453221
83.458586
83.463947
83.469306
83.474661
83.480013
83.485362
83.490708
83.496051
83.501391
83.506728
83.512062
83.517392
83.522720
83.528044
83.533366
83.538684
83.543999
83.549311
83.554620
83.559926
83.565229
83.570529
83.575826
83.581120
83.586410
83.591698
83.596983
83.602264
83.607543
83.612818
83.618090
83.623359
83.628626
83.633889
83.639149
83.644406
83.649660
83.654911
83.660159
83.665404
83.670646
83.675884
83.681120
83.686353
83.691582
83.696809
83.702032
83.707253
83.712471
83.717685
83.722896
83.728105
83.733310
83.738513
83.743712
83.748908
83.754101
83.759292
83.764479
83.769663
83.774844
83.780022
83.785197
83.790370
83.795539
83.800705
83.805868
83.811028
83.816185
83.821339
83.826490
83.831638
83.836783
83.841925
83.847064
83.852200
83.857333
83.862463
83.867590
83.872714
83.877835
83.882953
83.888068
83.893180
83.898289
83.903395
83.908498
83.913598
83.918695
83.923789
83.928881
83.933969
83.939054
83.944136
83.949215
83.954291
83.959365
83.964435
83.969502
83.974566
83.979628
83.984686
83.989742
83.994794
83.999843
84.004890
84.009933
84.014974
84.020012
84.025046
84.030078
84.035107
84.040132
84.045155
84.050175
84.055192
84.060206
84.065217
84.070225
84.075230
84.080232
84.085231
84.090227
84.095221
84.100211
84.105198
84.110183
84.115164
84.120143
84.125119
84.130091
84.135061
84.140028
84.144992
84.149953
84.154911
84.159866
84.164818
84.169767
84.174714
84.179657
84.184597
84.189535
84.194470
84.199401
84.204330
84.209256
84.214179
84.219099
84.224016
84.228930
84.233842
84.238750
84.243655
84.248558
84.253458
84.258354
84.263248
84.268139
84.273027
84.277912
84.282794
84.287674
84.292550
84.297424
84.302294
84.307162
84.312027
84.316889
84.321748
84.326604
84.331457
84.336308
84.341155
84.346000
84.350841
84.355680
84.360516
84.365349
84.370180
84.375007
84.379831
84.384653
84.389472
84.394287
84.399100
84.403910
84.408717
84.413522
84.418323
84.423122
84.427918
84.432710
84.437500
84.442287
84.447072
84.451853
84.456632
84.461407
84.466180
84.470950
84.475717
84.480481
84.485243
84.490001
84.494757
84.499510
84.504260
84.509007
84.513751
84.518493
84.523231
84.527967
84.532700
84.537430
84.542157
84.546882
84.551603
84.556322
84.561038
84.565751
84.570461
84.575169
84.579873
84.584575
84.589274
84.593970
84.598663
84.603353
84.608041
84.612726
84.617408
84.622087
84.626763
84.631437
84.636107
84.640775
84.645440
84.650102
84.654762
84.659418
84.664072
84.668723
84.673371
84.678017
84.682659
84.687299
84.691936
84.696570
84.701201
84.705830
84.710456
84.715079
84.719699
84.724316
84.728931
84.733542
84.738151
84.742757
84.747361
84.751961
84.756559
84.761154
84.765746
84.770336
84.774923
84.779506
84.784087
84.788666
84.793241
84.797814
84.802384
84.806951
84.811516
84.816077
84.820636
84.825192
84.829745
84.834296
84.838844
84.843389
84.847931
84.852470
84.857007
84.861541
84.866072
84.870601
84.875126
84.879649
84.884169
84.888687
84.893201
84.897713
84.902222
84.906729
84.911232
84.915733
84.920231
84.924726
84.929219
84.933709
84.938196
84.942680
84.947162
84.951641
84.956117
84.960590
84.965061
84.969529
84.973994
84.978456
84.982916
84.987373
84.991827
84.996279
85.000728
85.005174
85.009617
85.014058
85.018495
85.022931
85.027363
85.031793
85.036220
85.040644
85.045065
85.049484
85.053900
85.058314
85.062724
85.067132
85.071537
85.075940
85.080340
85.084737
85.089131
85.093523
85.097912
85.102298
85.106682
85.111062
85.115440
85.119816
85.124189
85.128559
85.132926
85.137291
85.141653
85.146012
85.150368
85.154722
85.159073
85.163422
85.167768
85.172111
85.176451
85.180789
85.185124
85.189456
85.193786
85.198113
85.202437
85.206758
85.211077
85.215394
85.219707
85.224018
85.228326
85.232632
85.236935
85.241235
85.245532
85.249827
85.254119
85.258409
85.262696
85.266980
85.271261
85.275540
85.279816
85.284090
85.288361
85.292629
85.296894
85.301157
85.305417
85.309675
85.313930
85.318182
85.322431
85.326678
85.330923
85.335164
85.339403
85.343640
85.347873
85.352104
85.356333
85.360558
85.364781
85.369002
85.373220
85.377435
85.381647
85.385857
85.390065
85.394269
85.398471
85.402670
85.406867
85.411061
85.415253
85.419441
85.423628
85.427811
85.431992
85.436170
85.440346
85.444519
85.448690
85.452857
85.457023
85.461185
85.465345
85.469502
85.473657
85.477809
85.481959
