[5000, 1]
0.284260
0.284260
0.284260
0.284260
0.284260
0.284260
0.284260
0.284260
0.284260
0.284260
0.284260
0.284260
0.284260
0.284260
0.284260
0.284260
0.284260
0.284260
0.284260
0.284260
0.284260
0.401665
0.510289
0.611391
0.706017
0.795040
0.879193
0.959097
1.035281
1.108196
1.178228
1.245712
1.310937
1.374153
1.435580
1.495409
1.553807
1.610923
1.666885
1.721811
1.775800
1.828945
1.881325
1.933013
1.984073
2.034562
2.084531
2.134028
2.183093
2.231764
2.280074
2.328055
2.375734
2.423134
2.470280
2.517192
2.563887
2.610384
2.656696
2.702838
2.748823
2.794662
2.840366
2.885943
2.931404
2.976754
3.021993
3.067121
3.112137
3.157040
3.201829
3.246503
3.291062
3.335506
3.379834
3.424046
3.468141
3.512120
3.555981
3.599726
3.643354
3.686865
3.730258
3.773535
3.816695
3.859739
3.902666
3.945477
3.988171
4.030750
4.073214
4.115562
4.157795
4.199914
4.241919
4.283810
4.325587
4.367252
4.408804
4.450243
4.491572
4.532788
4.573894
4.614890
4.655776
4.696553
4.737220
4.777780
4.818231
4.858575
4.898813
4.938943
4.978969
5.018888
5.058703
5.098414
5.138021
5.177525
5.216926
5.256225
5.295422
5.334519
5.373515
5.412410
5.451207
5.489904
5.528503
5.567003
5.605407
5.643714
5.681927
5.720049
5.758082
5.796029
5.833893
5.871676
5.909380
5.947007
5.984559
6.022039
6.059449
6.096790
6.134064
6.171273
6.208419
6.245503
6.282527
6.319492
6.356400
6.393252
6.430051
6.466796
6.503489
6.540132
6.576725
6.613270
6.649768
6.686220
6.722628
6.758991
6.795311
6.831589
6.867825
6.904021
6.940178
6.976296
7.012376
7.048419
7.084426
7.120397
7.156332
7.192233
7.228101
7.263935
7.299737
7.335507
7.371245
7.406953
7.442630
7.478277
7.513895
7.549484
7.585044
7.620577
7.656082
7.691560
7.727011
7.762435
7.797834
7.833207
7.868555
7.903878
7.939176
7.974450
8.009699
8.044926
8.080128
8.115308
8.150465
8.185599
8.220711
8.255801
8.290869
8.325915
8.360940
8.395944
8.430926
8.465888
8.500830
8.535751
8.570652
8.605533
8.640393
8.675235
8.710057
8.744859
8.779642
8.814406
8.849152
8.883878
8.918586
8.953275
8.987946
9.022599
9.057233
9.091850
9.126448
9.161029
9.195592
9.230137
9.264665
9.299176
9.333669
9.368145
9.402604
9.437045
9.471470
9.505878
9.540269
9.574643
9.609000
9.643341
9.677666
9.711973
9.746265
9.780540
9.814798
9.849041
9.883267
9.917477
9.951671
9.985849
10.020011
10.054157
10.088287
10.122402
10.156500
10.190583
10.224649
10.258700
10.292734
10.326751
10.360752
10.394736
10.428703
10.462653
10.496585
10.530500
10.564397
10.598276
10.632137
10.665980
10.699805
10.733611
10.767399
10.801168
10.834918
10.868649
10.902361
10.936054
10.969727
11.003381
11.037016
11.070630
11.104225
11.137800
11.171355
11.204890
11.238404
11.271899
11.305373
11.338826
11.372259
11.405671
11.439062
11.472433
11.505783
11.539111
11.572419
11.605705
11.638970
11.672214
11.705436
11.738637
11.771817
11.804975
11.838111
11.871226
11.904318
11.937389
11.970438
12.003466
12.036471
12.069454
12.102415
12.135354
12.168271
12.201165
12.234037
12.266887
12.299715
12.332520
12.365303
12.398063
12.430801
12.463516
12.496208
12.528878
12.561526
12.594150
12.626752
12.659331
12.691888
12.724421
12.756932
12.789420
12.821885
12.854327
12.886746
12.919143
12.951516
12.983866
13.016194
13.048498
13.080780
13.113038
13.145273
13.177485
13.209674
13.241840
13.273983
13.306103
13.338200
13.370273
13.402323
13.434351
13.466355
13.498335
13.530293
13.562228
13.594139
13.626027
13.657892
13.689734
13.721552
13.753348
13.785120
13.816869
13.848594
13.880297
13.911976
13.943633
13.975266
14.006875
14.038462
14.070025
14.101566
14.133083
14.164577
14.196047
14.227495
14.258919
14.290321
14.321699
14.353054
14.384386
14.415695
14.446980
14.478243
14.509483
14.540699
14.571893
14.603063
14.634210
14.665335
14.696436
14.727514
14.758570
14.789602
14.820611
14.851598
14.882561
14.913502
14.944420
14.975315
15.006187
15.037036
15.067862
15.098666
15.129446
15.160204
15.190939
15.221652
15.252341
15.283008
15.313652
15.344274
15.374873
15.405449
15.436003
15.466534
15.497042
15.527528
15.557991
15.588432
15.618850
15.649246
15.679619
15.709970
15.740298
15.770604
15.800888
15.831149
15.861388
15.891605
15.921799
15.951971
15.982121
16.012249
16.042354
16.072437
16.102498
16.132537
16.162554
16.192548
16.222521
16.252471
16.282400
16.312306
16.342191
16.372053
16.401894
16.431713
16.461510
16.491285
16.521038
16.550769
16.580479
16.610167
16.639833
16.669477
16.699100
16.728701
16.758280
16.787838
16.817374
16.846889
16.876382
16.905854
16.935304
16.964733
16.994140
17.023526
17.052890
17.082234
17.111555
17.140856
17.170135
17.199393
17.228630
17.257846
17.287040
17.316213
17.345365
17.374497
17.403607
17.432696
17.461764
17.490811
17.519837
17.548842
17.577826
17.606789
17.635732
17.664653
17.693554
17.722434
17.751294
17.780132
17.808950
17.837748
17.866524
17.895281
17.924016
17.952731
17.981425
18.010099
18.038753
18.067386
18.095998
18.124591
18.153162
18.181714
18.210245
18.238757
18.267248
18.295720
18.324173
18.352607
18.381022
18.409419
18.437798
18.466159
18.494503
18.522829
18.551139
18.579431
18.607707
18.635967
18.664210
18.692438
18.720651
18.748848
18.777029
18.805197
18.833349
18.861487
18.889611
18.917721
18.945817
18.973900
19.001970
19.030026
19.058070
19.086101
19.114120
19.142126
19.170120
19.198103
19.226074
19.254033
19.281982
19.309919
19.337845
19.365761
19.393667
19.421562
19.449447
19.477322
19.505187
19.533043
19.560890
19.588727
19.616555
19.644375
19.672186
19.699988
19.727782
19.755567
19.783345
19.811115
19.838877
19.866632
19.894379
19.922119
19.949852
19.977578
20.005297
20.033009
20.060715
20.088415
20.116109
20.143796
20.171478
20.199153
20.226824
20.254488
20.282147
20.309801
20.337450
20.365094
20.392733
20.420368
20.447997
20.475623
20.503244
20.530860
20.558473
20.586082
20.613686
20.641288
20.668885
20.696479
20.724069
20.751657
20.779241
20.806822
20.834400
20.861975
20.889547
20.917117
20.944684
20.972249
20.999811
21.027372
21.054930
21.082486
21.110040
21.137592
21.165143
21.192692
21.220240
21.247785
21.275330
21.302873
21.330416
21.357957
21.385497
21.413036
21.440574
21.468112
21.495649
21.523185
21.550721
21.578257
21.605792
21.633327
21.660861
21.688396
21.715931
21.743465
21.771000
21.798535
21.826070
21.853606
21.881142
21.908679
21.936216
21.963754
21.991293
22.018832
22.046372
22.073913
22.101455
22.128999
22.156543
22.184088
22.211635
22.239183
22.266733
22.294284
22.321836
22.349390
22.376945
22.404503
22.432062
22.459622
22.487185
22.514749
22.542316
22.569884
22.597455
22.625028
22.652602
22.680179
22.707759
22.735341
22.762925
22.790511
22.818100
22.845692
22.873286
22.900883
22.928482
22.956084
22.983689
23.011297
23.038908
23.066521
23.094138
23.121757
23.149380
23.177006
23.204634
23.232266
23.259902
23.287540
23.315182
23.342827
23.370475
23.398127
23.425782
23.453441
23.481103
23.508769
23.536439
23.564112
23.591789
23.619469
23.647153
23.674841
23.702533
23.730229
23.757928
23.785632
23.813339
23.841051
23.868766
23.896485
23.924209
23.951936
23.979668
24.007404
24.035144
24.062889
24.090637
24.118390
24.146147
24.173909
24.201674
24.229445
24.257219
24.284998
24.312782
24.340570
24.368363
24.396160
24.423961
24.451768
24.479578
24.507394
24.535214
24.563039
24.590869
24.618703
24.646542
24.674386
24.702234
24.730088
24.757946
24.785809
24.813677
24.841550
24.869428
24.897311
24.925198
24.953091
24.980989
25.008891
25.036799
25.064712
25.092630
25.120553
25.148481
25.176414
25.204352
25.232295
25.260244
25.288198
25.316156
25.344121
25.372090
25.400065
25.428044
25.456030
25.484020
25.512016
25.540017
25.568023
25.596035
25.624052
25.652074
25.680102
25.708135
25.736173
25.764217
25.792267
25.820321
25.848382
25.876447
25.904519
25.932595
25.960677
25.988765
26.016858
26.044957
26.073061
26.101171
26.129286
26.157407
26.185533
26.213665
26.241802
26.269945
26.298094
26.326248
26.354408
26.382574
26.410745
26.438922
26.467104
26.495292
26.523486
26.551685
26.579891
26.608101
26.636318
26.664540
26.692768
26.721001
26.749240
26.777485
26.805736
26.833992
26.862254
26.890522
26.918796
26.947075
26.975360
27.003651
27.031947
27.060249
27.088557
27.116871
27.145191
27.173516
27.201847
27.230184
27.258527
27.286875
27.315229
27.343589
27.371955
27.400327
27.428704
27.457087
27.485476
27.513871
27.542271
27.570678
27.599090
27.627508
27.655932
27.684361
27.712797
27.741238
27.769685
27.798138
27.826597
27.855061
27.883531
27.912007
27.940489
27.968977
27.997471
28.025970
28.054475
28.082986
28.111503
28.140026
28.168554
28.197088
28.225628
28.254174
28.282726
28.311283
28.339847
28.368416
28.396991
28.425572
28.454158
28.482750
28.511349
28.539952
28.568562
28.597178
28.625799
28.654426
28.683059
28.711698
28.740342
28.768993
28.797649
28.826310
28.854978
28.883651
28.912330
28.941015
28.969706
28.998403
29.027105
29.055813
29.084526
29.113246
29.141971
29.170702
29.199439
29.228181
29.256929
29.285683
29.314443
29.343208
29.371979
29.400756
29.429538
29.458326
29.487120
29.515920
29.544725
29.573536
29.602353
29.631175
29.660003
29.688837
29.717676
29.746521
29.775372
29.804228
29.833090
29.861958
29.890831
29.919710
29.948595
29.977485
30.006381
30.035282
30.064189
30.093102
30.122020
30.150944
30.179873
30.208808
30.237749
30.266695
30.295647
30.324604
30.353567
30.382535
30.411509
30.440489
30.469474
30.498464
30.527460
30.556462
30.585469
30.614482
30.643500
30.672523
30.701552
30.730587
30.759627
30.788673
30.817724
30.846780
30.875842
30.904909
30.933982
30.963061
30.992144
31.021233
31.050328
31.079428
31.108533
31.137644
31.166760
31.195881
31.225008
31.254140
31.283278
31.312421
31.341569
31.370723
31.399882
31.429046
31.458216
31.487391
31.516571
31.545756
31.574947
31.604143
31.633345
31.662552
31.691763
31.720981
31.750203
31.779431
31.808664
31.837902
31.867145
31.896394
31.925648
31.954907
31.984171
32.013440
32.042715
32.071995
32.101280
32.130570
32.159865
32.189165
32.218471
32.247782
32.277097
32.306418
32.335744
32.365075
32.394411
32.423753
32.453099
32.482450
32.511807
32.541168
32.570535
32.599906
32.629283
32.658665
32.688051
32.717443
32.746839
32.776240
32.805645
32.835055
32.864469
32.893888
32.923310
32.952737
32.982168
33.011603
33.041042
33.070485
33.099931
33.129381
33.158835
33.188292
33.217753
33.247216
33.276683
33.306153
33.335627
33.365103
33.394582
33.424064
33.453549
33.483036
33.512526
33.542018
33.571513
33.601010
33.630510
33.660012
33.689515
33.719021
33.748529
33.778039
33.807551
33.837064
33.866579
33.896096
33.925614
33.955134
33.984655
34.014178
34.043701
34.073226
34.102752
34.132279
34.161807
34.191336
34.220866
34.250397
34.279928
34.309460
34.338992
34.368525
34.398059
34.427592
34.457126
34.486661
34.516195
34.545730
34.575264
34.604799
34.634334
34.663868
34.693402
34.722936
34.752469
34.782003
34.811535
34.841067
34.870599
34.900130
34.929660
34.959189
34.988718
35.018246
35.047772
35.077298
35.106823
35.136346
35.165869
35.195390
35.224910
35.254428
35.283945
35.313461
35.342975
35.372487
35.401998
35.431507
35.461014
35.490520
35.520023
35.549525
35.579025
35.608523
35.638018
35.667512
35.697003
35.726493
35.755979
35.785464
35.814946
35.844426
35.873903
35.903377
35.932849
35.962319
35.991785
36.021249
36.050710
36.080169
36.109624
36.139076
36.168526
36.197972
36.227415
36.256855
36.286292
36.315726
36.345156
36.374583
36.404007
36.433427
36.462844
36.492257
36.521667
36.551073
36.580475
36.609874
36.639269
36.668660
36.698047
36.727431
36.756810
36.786186
36.815557
36.844925
36.874288
36.903647
36.933002
36.962353
36.991700
37.021042
37.050380
37.079713
37.109042
37.138367
37.167687
37.197002
37.226313
37.255619
37.284921
37.314217
37.343509
37.372797
37.402079
37.431356
37.460629
37.489897
37.519159
37.548417
37.577669
37.606917
37.636159
37.665396
37.694628
37.723854
37.753076
37.782292
37.811502
37.840707
37.869907
37.899101
37.928290
37.957473
37.986651
38.015823
38.044989
38.074149
38.103304
38.132453
38.161597
38.190734
38.219866
38.248991
38.278111
38.307225
38.336333
38.365435
38.394530
38.423620
38.452704
38.481781
38.510852
38.539917
38.568976
38.598028
38.627074
38.656114
38.685147
38.714174
38.743194
38.772208
38.801216
38.830217
38.859211
38.888199
38.917180
38.946154
38.975122
39.004083
39.033038
39.061985
39.090926
39.119860
39.148787
39.177707
39.206620
39.235527
39.264426
39.293318
39.322204
39.351082
39.379953
39.408817
39.437674
39.466524
39.495366
39.524202
39.553030
39.581850
39.610664
39.639470
39.668269
39.697060
39.725845
39.754621
39.783390
39.812152
39.840906
39.869653
39.898392
39.927123
39.955847
39.984564
40.013272
40.041973
40.070667
40.099352
40.128030
40.156700
40.185362
40.214017
40.242663
40.271302
40.299933
40.328556
40.357171
40.385778
40.414377
40.442968
40.471551
40.500126
40.528693
40.557251
40.585802
40.614345
40.642879
40.671405
40.699923
40.728433
40.756935
40.785428
40.813913
40.842390
40.870858
40.899318
40.927770
40.956213
40.984648
41.013075
41.041493
41.069902
41.098304
41.126696
41.155080
41.183456
41.211823
41.240181
41.268531
41.296872
41.325205
41.353529
41.381844
41.410150
41.438448
41.466737
41.495018
41.523289
41.551552
41.579806
41.608051
41.636287
41.664515
41.692734
41.720943
41.749144
41.777336
41.805519
41.833693
41.861858
41.890014
41.918161
41.946299
41.974428
42.002548
42.030659
42.058760
42.086853
42.114937
42.143011
42.171076
42.199132
42.227179
42.255217
42.283245
42.311264
42.339274
42.367275
42.395267
42.423249
42.451222
42.479185
42.507139
42.535084
42.563020
42.590946
42.618862
42.646770
42.674668
42.702556
42.730435
42.758305
42.786165
42.814015
42.841856
42.869688
42.897510
42.925322
42.953125
42.980919
43.008702
43.036476
43.064241
43.091996
43.119741
43.147477
43.175203
43.202919
43.230626
43.258323
43.286010
43.313687
43.341355
43.369013
43.396661
43.424300
43.451928
43.479547
43.507156
43.534756
43.562345
43.589925
43.617494
43.645054
43.672604
43.700144
43.727674
43.755195
43.782705
43.810205
43.837696
43.865176
43.892647
43.920108
43.947558
43.974999
44.002429
44.029850
44.057261
44.084661
44.112052
44.139432
44.166802
44.194163
44.221513
44.248853
44.276183
44.303503
44.330812
44.358112
44.385402
44.412681
44.439950
44.467209
44.494458
44.521696
44.548925
44.576143
44.603351
44.630548
44.657736
44.684913
44.712080
44.739237
44.766383
44.793520
44.820645
44.847761
44.874866
44.901961
44.929046
44.956120
44.983184
45.010238
45.037281
45.064314
45.091337
45.118349
45.145350
45.172342
45.199323
45.226293
45.253254
45.280203
45.307143
45.334071
45.360990
45.387898
45.414795
45.441682
45.468559
45.495425
45.522281
45.549126
45.575960
45.602784
45.629598
45.656401
45.683193
45.709975
45.736747
45.763508
45.790258
45.816998
45.843727
45.870446
45.897154
45.923851
45.950538
45.977214
46.003880
46.030535
46.057179
46.083813
46.110436
46.137049
46.163651
46.190242
46.216822
46.243392
46.269952
46.296500
46.323038
46.349565
46.376082
46.402588
46.429083
46.455567
46.482041
46.508504
46.534956
46.561398
46.587829
46.614249
46.640658
46.667057
46.693445
46.719822
46.746189
46.772544
46.798889
46.825223
46.851547
46.877859
46.904161
46.930452
46.956732
46.983001
47.009260
47.035508
47.061745
47.087971
47.114186
47.140391
47.166584
47.192767
47.218939
47.245100
47.271251
47.297390
47.323519
47.349637
47.375744
47.401840
47.427925
47.453999
47.480063
47.506115
47.532157
47.558188
47.584208
47.610217
47.636215
47.662202
47.688178
47.714144
47.740098
47.766042
47.791975
47.817897
47.843807
47.869707
47.895596
47.921475
47.947342
47.973198
47.999043
48.024878
48.050701
48.076513
48.102315
48.128106
48.153885
48.179654
48.205412
48.231158
48.256894
48.282619
48.308333
48.334036
48.359728
48.385408
48.411078
48.436737
48.462385
48.488022
48.513648
48.539263
48.564867
48.590460
48.616042
48.641614
48.667174
48.692723
48.718261
48.743788
48.769304
48.794809
48.820303
48.845786
48.871258
48.896719
48.922169
48.947608
48.973036
48.998452
49.023858
49.049253
49.074637
49.100010
49.125371
49.150722
49.176062
49.201390
49.226708
49.252015
49.277310
49.302595
49.327868
49.353131
49.378382
49.403622
49.428852
49.454070
49.479277
49.504473
49.529658
49.554832
49.579995
49.605147
49.630288
49.655418
49.680537
49.705645
49.730741
49.755827
49.780901
49.805965
49.831017
49.856059
49.881089
49.906108
49.931116
49.956114
49.981100
50.006075
50.031039
50.055991
50.080933
50.105864
50.130784
50.155692
50.180590
50.205476
50.230352
50.255216
50.280069
50.304912
50.329743
50.354563
50.379372
50.404170
50.428957
50.453733
50.478497
50.503251
50.527994
50.552725
50.577446
50.602155
50.626853
50.651541
50.676217
50.700882
50.725536
50.750179
50.774811
50.799432
50.824041
50.848640
50.873228
50.897804
50.922370
50.946924
50.971468
50.996000
51.020521
51.045032
51.069531
51.094019
51.118496
51.142962
51.167417
51.191861
51.216293
51.240715
51.265126
51.289525
51.313914
51.338291
51.362658
51.387013
51.411358
51.435691
51.460013
51.484324
51.508624
51.532913
51.557191
51.581458
51.605714
51.629959
51.654193
51.678416
51.702627
51.726828
51.751018
51.775196
51.799364
51.823521
51.847666
51.871800
51.895924
51.920036
51.944138
51.968228
51.992307
52.016375
52.040433
52.064479
52.088514
52.112538
52.136551
52.160553
52.184545
52.208525
52.232494
52.256452
52.280399
52.304335
52.328260
52.352174
52.376077
52.399969
52.423850
52.447720
52.471578
52.495426
52.519263
52.543089
52.566904
52.590708
52.614501
52.638283
52.662054
52.685814
52.709563
52.733301
52.757028
52.780744
52.804449
52.828143
52.851826
52.875498
52.899160
52.922810
52.946449
52.970077
52.993694
53.017301
53.040896
53.064480
53.088054
53.111616
53.135168
53.158708
53.182238
53.205757
53.229264
53.252761
53.276247
53.299722
53.323186
53.346639
53.370081
53.393512
53.416932
53.440341
53.463740
53.487127
53.510504
53.533869
53.557224
53.580567
53.603900
53.627222
53.650533
53.673833
53.697122
53.720401
53.743668
53.766925
53.790170
53.813405
53.836629
53.859841
53.883043
53.906235
53.929415
53.952584
53.975743
53.998890
54.022027
54.045153
54.068268
54.091372
54.114465
54.137548
54.160619
54.183680
54.206730
54.229769
54.252797
54.275814
54.298821
54.321816
54.344801
54.367775
54.390738
54.413690
54.436632
54.459562
54.482482
54.505391
54.528289
54.551176
54.574053
54.596919
54.619774
54.642618
54.665451
54.688273
54.711085
54.733886
54.756676
54.779455
54.802224
54.824982
54.847729
54.870465
54.893190
54.915905
54.938609
54.961302
54.983984
55.006656
55.029317
55.051967
55.074606
55.097235
55.119852
55.142459
55.165056
55.187641
55.210216
55.232780
55.255334
55.277876
55.300408
55.322930
55.345440
55.367940
55.390429
55.412907
55.435375
55.457832
55.480278
55.502714
55.525139
55.547553
55.569957
55.592349
55.614732
55.637103
55.659464
55.681814
55.704153
55.726482
55.748800
55.771108
55.793405
55.815691
55.837966
55.860231
55.882485
55.904729
55.926962
55.949184
55.971396
55.993597
56.015787
56.037967
56.060136
56.082295
56.104443
56.126580
56.148707
56.170823
56.192928
56.215023
56.237108
56.259181
56.281245
56.303297
56.325339
56.347371
56.369391
56.391402
56.413402
56.435391
56.457369
56.479337
56.501295
56.523242
56.545178
56.567104
56.589019
56.610924
56.632818
56.654702
56.676575
56.698438
56.720290
56.742132
56.763963
56.785784
56.807594
56.829393
56.851182
56.872961
56.894729
56.916487
56.938234
56.959971
56.981697
57.003413
57.025118
57.046813
57.068497
57.090171
57.111834
57.133487
57.155130
57.176762
57.198383
57.219994
57.241595
57.263186
57.284765
57.306335
57.327894
57.349443
57.370981
57.392509
57.414026
57.435533
57.457030
57.478516
57.499992
57.521457
57.542912
57.564357
57.585791
57.607215
57.628628
57.650031
57.671424
57.692807
57.714179
57.735540
57.756892
57.778233
57.799564
57.820884
57.842194
57.863494
57.884783
57.906062
57.927331
57.948589
57.969837
57.991075
58.012303
58.033520
58.054727
58.075923
58.097110
58.118286
58.139451
58.160607
58.181752
58.202887
58.224012
58.245126
58.266230
58.287324
58.308408
58.329481
58.350544
58.371597
58.392640
58.413672
58.434694
58.455706
58.476708
58.497699
58.518681
58.539652
58.560613
58.581563
58.602504
58.623434
58.644354
58.665264
58.686164
58.707054
58.727933
58.748802
58.769661
58.790510
58.811349
58.832177
58.852996
58.873804
58.894602
58.915390
58.936168
58.956936
58.977693
58.998441
59.019178
59.039905
59.060623
59.081330
59.102027
59.122713
59.143390
59.164057
59.184713
59.205360
59.225996
59.246622
59.267238
59.287844
59.308441
59.329027
59.349602
59.370168
59.390724
59.411270
59.431806
59.452331
59.472847
59.493353
59.513848
59.534334
59.554810
59.575275
59.595731
59.616176
59.636612
59.657037
59.677453
59.697858
59.718254
59.738640
59.759015
59.779381
59.799736
59.820082
59.840418
59.860744
59.881060
59.901365
59.921661
59.941947
59.962223
59.982489
60.002746
60.022992
60.043228
60.063455
60.083671
60.103878
60.124074
60.144261
60.164438
60.184605
60.204762
60.224909
60.245047
60.265174
60.285292
60.305399
60.325497
60.345585
60.365663
60.385732
60.405790
60.425839
60.445877
60.465906
60.485925
60.505934
60.525934
60.545923
60.565903
60.585873
60.605833
60.625784
60.645724
60.665655
60.685576
60.705487
60.725388
60.745280
60.765162
60.785034
60.804896
60.824749
60.844591
60.864424
60.884248
60.904061
60.923865
60.943659
60.963443
60.983218
61.002982
61.022738
61.042483
61.062219
61.081945
61.101661
61.121367
61.141064
61.160751
61.180429
61.200097
61.219755
61.239403
61.259042
61.278671
61.298290
61.317900
61.337500
61.357091
61.376671
61.396242
61.415804
61.435356
61.454898
61.474431
61.493954
61.513467
61.532971
61.552465
61.571949
61.591424
61.610890
61.630345
61.649792
61.669228
61.688655
61.708072
61.727480
61.746878
61.766267
61.785646
61.805016
61.824376
61.843726
61.863067
61.882399
61.901720
61.921033
61.940336
61.959629
61.978913
61.998187
62.017451
62.036707
62.055952
62.075188
62.094415
62.113632
62.132840
62.152038
62.171227
62.190406
62.209576
62.228737
62.247887
62.267029
62.286161
62.305283
62.324396
62.343500
62.362594
62.381679
62.400754
62.419820
62.438877
62.457924
62.476962
62.495990
62.515009
62.534018
62.553018
62.572009
62.590990
62.609962
62.628925
62.647878
62.666821
62.685756
62.704681
62.723597
62.742503
62.761400
62.780288
62.799166
62.818035
62.836895
62.855745
62.874586
62.893417
62.912240
62.931053
62.949857
62.968651
62.987436
63.006212
63.024979
63.043736
63.062484
63.081222
63.099952
63.118672
63.137383
63.156084
63.174777
63.193460
63.212134
63.230798
63.249454
63.268100
63.286737
63.305365
63.323983
63.342592
63.361192
63.379783
63.398365
63.416937
63.435500
63.454054
63.472599
63.491135
63.509661
63.528178
63.546687
63.565186
63.583675
63.602156
63.620627
63.639090
63.657543
63.675987
63.694422
63.712847
63.731264
63.749671
63.768070
63.786459
63.804839
63.823210
63.841572
63.859925
63.878268
63.896603
63.914928
63.933245
63.951552
63.969850
63.988140
64.006420
64.024691
64.042953
64.061206
64.079450
64.097684
64.115910
64.134127
64.152335
64.170533
64.188723
64.206904
64.225075
64.243238
64.261391
64.279536
64.297672
64.315798
64.333916
64.352024
64.370124
64.388215
64.406296
64.424369
64.442433
64.460487
64.478533
64.496570
64.514598
64.532617
64.550627
64.568628
64.586620
64.604603
64.622577
64.640542
64.658499
64.676446
64.694385
64.712315
64.730235
64.748147
64.766050
64.783944
64.801829
64.819706
64.837573
64.855432
64.873281
64.891122
64.908954
64.926777
64.944592
64.962397
64.980193
64.997981
65.015760
65.033530
65.051291
65.069044
65.086787
65.104522
65.122248
65.139965
65.157673
65.175373
65.193064
65.210746
65.228419
65.246083
65.263739
65.281386
65.299024
65.316653
65.334274
65.351885
65.369488
65.387083
65.404668
65.422245
65.439813
65.457372
65.474923
65.492465
65.509998
65.527522
65.545038
65.562545
65.580043
65.597533
65.615014
65.632486
65.649949
65.667404
65.684850
65.702288
65.719717
65.737137
65.754548
65.771951
65.789345
65.806731
65.824108
65.841476
65.858835
65.876186
65.893529
65.910862
65.928187
65.945504
65.962812
65.980111
65.997401
66.014683
66.031957
66.049222
66.066478
66.083726
66.100965
66.118195
66.135417
66.152630
66.169835
66.187031
66.204219
66.221398
66.238569
66.255731
66.272884
66.290029
66.307166
66.324293
66.341413
66.358524
66.375626
66.392720
66.409805
66.426882
66.443950
66.461010
66.478061
66.495104
66.512138
66.529164
66.546182
66.563191
66.580191
66.597183
66.614166
66.631141
66.648108
66.665066
66.682016
66.698957
66.715890
66.732815
66.749730
66.766638
66.783537
66.800428
66.817310
66.834184
66.851050
66.867907
66.884755
66.901596
66.918428
66.935251
66.952066
66.968873
66.985672
67.002462
67.019243
67.036017
67.052782
67.069538
67.086287
67.103027
67.119758
67.136481
67.153196
67.169903
67.186601
67.203291
67.219973
67.236646
67.253311
67.269968
67.286617
67.303257
67.319889
67.336512
67.353127
67.369734
67.386333
67.402924
67.419506
67.436080
67.452645
67.469203
67.485752
67.502293
67.518826
67.535350
67.551866
67.568374
67.584874
67.601365
67.617849
67.634324
67.650791
67.667249
67.683700
67.700142
67.716576
67.733002
67.749420
67.765829
67.782231
67.798624
67.815009
67.831386
67.847754
67.864115
67.880467
67.896811
67.913147
67.929475
67.945795
67.962107
67.978410
67.994706
68.010993
68.027272
68.043543
68.059806
68.076061
68.092307
68.108546
68.124776
68.140999
68.157213
68.173419
68.189617
68.205807
68.221989
68.238163
68.254329
68.270487
68.286637
68.302778
68.318912
68.335038
68.351155
68.367265
68.383366
68.399460
68.415545
68.431622
68.447692
68.463753
68.479807
68.495852
68.511889
68.527919
68.543940
68.559953
68.575959
68.591956
68.607945
68.623927
68.639900
68.655866
68.671823
68.687773
68.703715
68.719648
68.735574
68.751492
68.767402
68.783303
68.799197
68.815083
68.830962
68.846832
68.862694
68.878548
68.894395
68.910233
68.926064
68.941887
68.957702
68.973509
68.989308
69.005099
69.020882
69.036658
69.052425
69.068185
69.083937
69.099681
69.115417
69.131145
69.146865
69.162578
69.178283
69.193980
69.209669
69.225350
69.241023
69.256689
69.272347
69.287997
69.303639
69.319273
69.334900
69.350518
69.366129
69.381732
69.397328
69.412915
69.428495
69.444067
69.459631
69.475188
69.490737
69.506278
69.521811
69.537336
69.552854
69.568364
69.583866
69.599361
69.614847
69.630326
69.645798
69.661261
69.676717
69.692165
69.707606
69.723038
69.738463
69.753881
69.769290
69.784692
69.800086
69.815473
69.830852
69.846223
69.861586
69.876942
69.892290
69.907631
69.922964
69.938289
69.953606
69.968916
69.984219
69.999513
70.014800
70.030080
70.045351
70.060615
70.075872
70.091121
70.106362
70.121595
70.136822
70.152040
70.167251
70.182454
70.197650
70.212838
70.228018
70.243191
70.258356
70.273514
70.288664
70.303807
70.318942
70.334069
70.349189
70.364301
70.379406
70.394504
70.409593
70.424675
70.439750
70.454817
70.469877
70.484929
70.499974
70.515011
70.530040
70.545062
70.560077
70.575084
70.590083
70.605075
70.620060
70.635037
70.650007
70.664969
70.679923
70.694871
70.709810
70.724742
70.739667
70.754585
70.769494
70.784397
70.799292
70.814179
70.829060
70.843932
70.858797
70.873655
70.888506
70.903349
70.918184
70.933012
70.947833
70.962646
70.977452
70.992251
71.007042
71.021826
71.036602
71.051371
71.066133
71.080887
71.095634
71.110373
71.125106
71.139830
71.154548
71.169258
71.183960
71.198656
71.213344
71.228024
71.242698
71.257364
71.272023
71.286674
71.301318
71.315955
71.330584
71.345206
71.359821
71.374428
71.389029
71.403621
71.418207
71.432785
71.447356
71.461920
71.476477
71.491026
71.505568
71.520102
71.534630
71.549150
71.563663
71.578168
71.592667
71.607158
71.621642
71.636118
71.650588
71.665050
71.679505
71.693952
71.708393
71.722826
71.737252
71.751671
71.766083
71.780487
71.794884
71.809274
71.823657
71.838033
71.852401
71.866763
71.881117
71.895464
71.909803
71.924136
71.938461
71.952780
71.967091
71.981395
71.995691
72.009981
72.024264
72.038539
72.052807
72.067068
72.081322
72.095569
72.109809
72.124041
72.138267
72.152485
72.166696
72.180901
72.195098
72.209287
72.223470
72.237646
72.251815
72.265976
72.280131
72.294278
72.308419
72.322552
72.336678
72.350797
72.364909
72.379014
72.393112
72.407203
72.421287
72.435364
72.449434
72.463496
72.477552
72.491601
72.505643
72.519677
72.533705
72.547725
72.561739
72.575746
72.589745
72.603738
72.617723
72.631702
72.645674
72.659638
72.673596
72.687546
72.701490
72.715427
72.729356
72.743279
72.757195
72.771104
72.785006
72.798901
72.812789
72.826670
72.840544
72.854411
72.868271
72.882124
72.895971
72.909810
72.923642
72.937468
72.951287
72.965098
72.978903
72.992701
73.006492
73.020276
73.034053
73.047824
73.061587
73.075344
73.089093
73.102836
73.116572
73.130301
73.144023
73.157738
73.171447
73.185148
73.198843
73.212531
73.226212
73.239886
73.253553
73.267214
73.280867
73.294514
73.308154
73.321787
73.335414
73.349033
73.362646
73.376252
73.389851
73.403443
73.417029
73.430607
73.444179
73.457744
73.471302
73.484854
73.498399
73.511937
73.525468
73.538992
73.552510
73.566020
73.579525
73.593022
73.606512
73.619996
73.633473
73.646944
73.660407
73.673864
73.687314
73.700757
73.714194
73.727624
73.741047
73.754464
73.767873
73.781276
73.794673
73.808062
73.821445
73.834821
73.848191
73.861554
73.874910
73.888259
73.901602
73.914938
73.928268
73.941590
73.954906
73.968216
73.981518
73.994814
74.008104
74.021387
74.034663
74.047932
74.061195
74.074451
74.087700
74.100943
74.114180
74.127409
74.140632
74.153849
74.167058
74.180261
74.193458
74.206648
74.219831
74.233008
74.246178
74.259341
74.272498
74.285649
74.298792
74.311929
74.325060
74.338184
74.351301
74.364412
74.377516
74.390614
74.403705
74.416790
74.429868
74.442939
74.456004
74.469063
74.482115
74.495160
74.508199
74.521231
74.534257
74.547276
74.560288
74.573294
74.586294
74.599287
74.612274
74.625254
74.638227
74.651194
74.664155
74.677109
74.690057
74.702998
74.715932
74.728860
74.741782
74.754697
74.767606
74.780508
74.793404
74.806293
74.819176
74.832052
74.844922
74.857786
74.870643
74.883493
74.896338
74.909175
74.922007
74.934831
74.947650
74.960462
74.973267
74.986066
74.998859
75.011645
75.024425
75.037199
75.049966
75.062727
75.075481
75.088229
75.100970
75.113705
75.126434
75.139156
75.151872
75.164582
75.177285
75.189982
75.202672
75.215357
75.228034
75.240706
75.253371
75.266029
75.278682
75.291328
75.303967
75.316601
75.329228
75.341848
75.354463
75.367071
75.379672
75.392268
75.404857
75.417439
75.430016
75.442586
75.455150
75.467707
75.480258
75.492803
75.505342
75.517874
75.530400
75.542920
75.555433
75.567940
75.580441
75.592936
75.605424
75.617906
75.630382
75.642852
75.655315
75.667772
75.680223
75.692667
75.705105
75.717538
75.729963
75.742383
75.754796
75.767203
75.779604
75.791999
75.804387
75.816770
75.829146
75.841515
75.853879
75.866236
75.878588
75.890933
75.903271
75.915604
75.927930
75.940251
75.952565
75.964872
75.977174
75.989470
76.001759
76.014042
76.026319
76.038590
76.050855
76.063113
76.075365
76.087612
76.099852
76.112085
76.124313
76.136535
76.148750
76.160960
76.173163
76.185360
76.197551
76.209736
76.221914
76.234087
76.246253
76.258414
76.270568
76.282716
76.294858
76.306994
76.319124
76.331248
76.343366
76.355477
76.367583
76.379682
76.391775
76.403863
76.415944
76.428019
76.440088
76.452151
76.464208
76.476259
76.488304
76.500342
76.512375
76.524402
76.536422
76.548437
76.560446
76.572448
76.584445
76.596435
76.608419
76.620398
76.632370
76.644337
76.656297
76.668251
76.680200
76.692142
76.704078
76.716009
76.727933
76.739851
76.751764
76.763670
76.775570
76.787465
76.799353
76.811235
76.823112
76.834982
76.846847
76.858705
76.870558
76.882405
76.894245
76.906080
76.917909
76.929732
76.941548
76.953359
76.965164
76.976963
76.988756
77.000544
77.012325
77.024100
77.035870
77.047633
77.059391
77.071142
77.082888
77.094628
77.106362
77.118090
77.129812
77.141528
77.153238
77.164943
77.176641
77.188334
77.200021
77.211702
77.223377
77.235046
77.246709
77.258367
77.270018
77.281664
77.293304
77.304937
77.316566
77.328188
77.339804
77.351415
77.363019
77.374618
77.386211
77.397799
77.409380
77.420955
77.432525
77.444089
77.455647
77.467199
77.478746
77.490286
77.501821
77.513350
77.524873
77.536390
77.547902
77.559408
77.570908
77.582402
77.593890
77.605373
77.616850
77.628321
77.639786
77.651246
77.662699
77.674147
77.685589
77.697026
77.708457
77.719881
77.731301
77.742714
77.754122
77.765524
77.776920
77.788310
77.799695
77.811074
77.822447
77.833814
77.845176
77.856532
77.867882
77.879227
77.890566
77.901899
77.913226
77.924548
77.935864
77.947174
77.958479
77.969778
77.981071
77.992359
78.003640
78.014917
78.026187
78.037452
78.048711
78.059964
78.071212
78.082454
78.093691
78.104921
78.116146
78.127366
78.138580
78.149788
78.160990
78.172187
78.183378
78.194564
78.205743
78.216918
78.228086
78.239249
78.250406
78.261558
78.272704
78.283845
78.294979
78.306109
78.317232
78.328350
78.339463
78.350569
78.361671
78.372766
78.383856
78.394940
78.406019
78.417092
78.428160
78.439222
78.450278
78.461329
78.472374
78.483414
78.494448
78.505477
78.516500
78.527517
78.538529
78.549535
78.560536
78.571531
78.582521
78.593505
78.604483
78.615456
78.626424
78.637386
78.648342
78.659293
78.670238
78.681178
78.692112
78.703041
78.713964
78.724882
78.735794
78.746700
78.757602
78.768497
78.779387
78.790272
78.801151
78.812025
78.822893
78.833755
78.844613
78.855464
78.866310
78.877151
78.887986
78.898816
78.909640
78.920459
78.931273
78.942080
78.952883
78.963680
78.974471
78.985257
78.996038
79.006813
79.017583
79.028347
79.039106
79.049859
79.060607
79.071349
79.082086
79.092818
79.103544
79.114265
79.124980
79.135690
79.146395
79.157094
79.167787
79.178476
79.189159
79.199836
79.210508
79.221175
79.231836
79.242492
79.253142
79.263787
79.274427
79.285061
79.295690
79.306314
79.316932
79.327545
79.338152
79.348754
79.359351
79.369942
79.380528
79.391109
79.401684
79.412254
79.422818
79.433378
79.443931
79.454480
79.465023
79.475561
79.486093
79.496620
79.507142
79.517659
79.528170
79.538676
79.549176
79.559671
79.570161
79.580646
79.591125
79.601599
79.612068
79.622531
79.632989
79.643442
79.653889
79.664331
79.674768
79.685200
79.695626
79.706047
79.716462
79.726873
79.737278
79.747678
79.758072
79.768462
79.778846
79.789225
79.799598
79.809966
79.820329
79.830687
79.841040
79.851387
79.861729
79.872066
79.882397
79.892723
79.903044
79.913360
79.923671
79.933976
79.944276
79.954571
79.964861
79.975145
79.985424
79.995698
80.005967
80.016231
80.026489
80.036742
80.046990
80.057233
80.067471
80.077703
80.087930
80.098152
80.108369
80.118581
80.128787
80.138988
80.149184
80.159375
80.169561
80.179741
80.189917
80.200087
80.210252
80.220412
80.230567
80.240716
80.250860
80.261000
80.271134
80.281263
80.291386
80.301505
80.311619
80.321727
80.331830
80.341928
80.352021
80.362109
80.372192
80.382269
80.392342
80.402409
80.412471
80.422529
80.432581
80.442627
80.452669
80.462706
80.472737
80.482764
80.492785
80.502802
80.512813
80.522819
80.532820
80.542816
80.552807
80.562792
80.572773
80.582748
80.592719
80.602684
80.612645
80.622600
80.632550
80.642496
80.652436
80.662371
80.672301
80.682226
80.692145
80.702060
80.711970
80.721875
80.731775
80.741669
80.751559
80.761443
80.771323
80.781198
80.791067
80.800932
80.810791
80.820645
80.830495
80.840339
80.850179
80.860013
80.869842
80.879667
80.889486
80.899300
80.909110
80.918914
80.928713
80.938508
80.948297
80.958081
80.967861
80.977635
80.987405
80.997169
81.006929
81.016683
81.026432
81.036177
81.045917
81.055651
81.065381
81.075106
81.084825
81.094540
81.104250
81.113955
81.123655
81.133350
81.143040
81.152725
81.162405
81.172080
81.181750
81.191415
81.201076
81.210731
81.220382
81.230027
81.239668
81.249304
81.258935
81.268561
81.278182
81.287798
81.297409
81.307015
81.316617
81.326213
81.335805
81.345391
81.354973
81.364550
81.374122
81.383689
81.393251
81.402809
81.412361
81.421909
81.431451
81.440989
81.450522
81.460050
81.469573
81.479092
81.488605
81.498114
81.507618
81.517116
81.526610
81.536100
81.545584
81.555063
81.564538
81.574008
81.583473
81.592933
81.602388
81.611839
81.621284
81.630725
81.640161
81.649592
81.659018
81.668440
81.677856
81.687268
81.696675
81.706077
81.715475
81.724867
81.734255
81.743638
81.753016
81.762390
81.771758
81.781122
81.790481
81.799835
81.809184
81.818529
81.827869
81.837204
81.846534
81.855860
81.865180
81.874496
81.883807
81.893114
81.902415
81.911712
81.921004
81.930292
81.939574
81.948852
81.958125
81.967393
81.976657
81.985916
81.995170
82.004419
82.013663
82.022903
82.032138
82.041369
82.050594
82.059815
82.069031
82.078243
82.087449
82.096651
82.105849
82.115041
82.124229
82.133412
82.142591
82.151764
82.160933
82.170097
82.179257
82.188412
82.197562
82.206708
82.215848
82.224984
82.234116
82.243243
82.252365
82.261482
82.270595
82.279702
82.288806
82.297904
82.306998
82.316088
82.325172
82.334252
82.343327
82.352398
82.361464
82.370525
82.379582
82.388634
82.397681
82.406724
82.415762
82.424795
82.433824
82.442848
82.451868
82.460882
82.469893
82.478898
82.487899
82.496895
82.505887
82.514874
82.523856
82.532834
82.541807
82.550776
82.559740
82.568699
82.577654
82.586604
82.595549
82.604490
82.613427
82.622358
82.631285
82.640208
82.649126
82.658039
82.666948
82.675852
82.684751
82.693646
82.702537
82.711423
82.720304
82.729180
82.738053
82.746920
82.755783
82.764641
82.773495
82.782344
82.791189
82.800029
82.808865
82.817696
82.826522
82.835344
82.844161
82.852974
82.861782
82.870586
82.879385
82.888180
82.896970
82.905756
82.914537
82.923313
82.932085
82.940853
82.949615
82.958374
82.967128
82.975877
82.984622
82.993362
83.002098
83.010829
83.019556
83.028278
83.036996
83.045710
83.054418
83.063123
83.071822
83.080518
83.089209
83.097895
83.106577
83.115254
83.123927
83.132595
83.141259
83.149919
83.158573
83.167224
83.175870
83.184511
83.193149
83.201781
83.210409
83.219033
83.227652
83.236267
83.244877
83.253483
83.262084
83.270681
83.279274
83.287862
83.296445
83.305025
83.313599
83.322170
83.330735
83.339297
83.347854
83.356406
83.364954
83.373498
83.382037
83.390572
83.399103
83.407629
83.416150
83.424667
83.433180
83.441688
83.450192
83.458692
83.467187
83.475678
83.484164
83.492646
83.501124
83.509597
83.518065
83.526530
83.534990
83.543445
83.551896
83.560343
83.568786
83.577224
83.585657
83.594087
83.602512
83.610932
83.619348
83.627760
83.636168
83.644571
83.652969
83.661364
83.669754
83.678139
83.686521
83.694898
83.703270
83.711638
83.720002
83.728362
83.736717
83.745068
83.753414
83.761757
83.770094
83.778428
83.786757
83.795082
83.803403
83.811719
83.820031
83.828338
83.836641
83.844940
83.853235
83.861525
83.869811
83.878093
83.886370
83.894643
83.902912
83.911177
83.919437
83.927693
83.935944
83.944191
83.952434
83.960673
83.968907
83.977138
83.985363
83.993585
84.001802
84.010015
84.018224
84.026428
84.034628
84.042824
84.051016
84.059203
84.067386
84.075565
84.083740
84.091910
84.100076
84.108238
84.116395
84.124548
84.132697
84.140842
84.148983
84.157119
84.165251
84.173379
84.181502
84.189622
84.197737
84.205848
84.213954
84.222056
84.230155
84.238249
84.246338
84.254424
84.262505
84.270582
84.278655
84.286723
84.294788
84.302848
84.310904
84.318956
84.327003
84.335046
84.343086
84.351120
84.359151
84.367178
84.375200
84.383218
84.391232
84.399242
84.407247
84.415249
84.423246
84.431239
84.439228
84.447213
84.455193
84.463169
84.471141
84.479109
84.487073
84.495033
84.502988
84.510940
84.518887
84.526830
84.534768
84.542703
84.550634
84.558560
84.566482
84.574400
84.582314
84.590224
84.598129
84.606031
84.613928
84.621821
84.629710
84.637595
84.645476
84.653353
84.661225
84.669094
84.676958
84.684818
84.692674
84.700526
84.708374
84.716217
84.724057
84.731892
84.739724
84.747551
84.755374
84.763193
84.771008
84.778819
84.786625
84.794428
84.802226
84.810021
84.817811
84.825597
84.833379
84.841157
84.848931
84.856701
84.864467
84.872229
84.879986
84.887740
84.895489
84.903235
84.910976
84.918713
84.926446
84.934175
84.941900
84.949621
84.957338
84.965051
84.972760
84.980465
84.988165
84.995862
85.003555
85.011243
85.018928
85.026608
85.034284
85.041957
85.049625
85.057289
85.064949
85.072606
85.080258
85.087906
85.095550
85.103190
85.110826
85.118458
85.126086
85.133710
85.141330
85.148946
85.156558
85.164166
85.171770
85.179370
85.186965
85.194557
85.202145
85.209729
85.217309
85.224885
85.232456
85.240024
85.247588
85.255148
85.262704
85.270256
85.277804
85.285348
85.292887
85.300423
85.307955
85.315483
85.323007
85.330527
85.338043
85.345555
85.353063
85.360568
85.368068
85.375564
85.383056
85.390544
85.398029
85.405509
85.412985
85.420458
85.427926
85.435391
85.442851
85.450308
85.457761
85.465209
85.472654
85.480095
85.487532
85.494965
85.502394
85.509819
85.517240
85.524657
85.532071
85.539480
85.546886
85.554287
85.561685
85.569078
85.576468
85.583854
85.591236
85.598614
85.605988
85.613358
85.620724
85.628087
85.635445
85.642800
85.650150
85.657497
85.664840
85.672179
85.679514
85.686845
85.694172
85.701496
85.708815
85.716131
85.723442
85.730750
85.738054
85.745354
85.752650
85.759942
85.767231
85.774515
85.781796
85.789073
85.796346
85.803615
85.810880
85.818141
85.825399
85.832652
85.839902
85.847148
85.854390
85.861628
85.868862
85.876093
85.883319
85.890542
85.897761
85.904976
85.912187
85.919395
85.926598
85.933798
85.940994
85.948186
85.955374
85.962558
85.969739
85.976916
85.984089
85.991258
85.998423
86.005584
86.012742
86.019896
86.027045
86.034192
86.041334
86.048472
86.055607
86.062738
86.069865
86.076988
86.084108
86.091223
86.098335
86.105443
86.112548
86.119648
86.126745
86.133838
86.140927
86.148012
86.155093
86.162171
86.169245
86.176315
86.183382
86.190444
86.197503
86.204558
86.211609
86.218657
86.225701
86.232740
86.239777
86.246809
86.253838
86.260863
86.267884
86.274901
86.281915
86.288924
86.295930
86.302933
86.309931
86.316926
86.323917
86.330905
86.337888
86.344868
86.351844
86.358816
86.365785
86.372750
86.379711
86.386668
86.393622
86.400572
86.407518
86.414461
86.421399
86.428334
86.435266
86.442193
86.449117
86.456037
86.462954
86.469866
86.476775
86.483680
86.490582
86.497480
86.504374
86.511264
86.518151
86.525034
86.531913
86.538789
86.545661
86.552529
86.559394
86.566255
86.573112
86.579965
86.586815
86.593661
86.600503
86.607342
86.614177
86.621008
86.627836
86.634660
86.641480
86.648297
86.655110
86.661919
86.668725
86.675526
86.682325
86.689119
86.695910
86.702697
86.709481
86.716261
86.723037
86.729810
86.736579
86.743344
86.750106
86.756864
86.763618
86.770369
86.777116
86.783859
86.790599
86.797335
86.804068
86.810797
86.817522
86.824243
86.830961
86.837676
86.844386
86.851093
86.857797
86.864497
86.871193
86.877885
86.884574
86.891260
86.897941
86.904619
86.911294
86.917965
86.924632
86.931295
86.937955
86.944612
86.951265
86.957914
86.964559
86.971201
86.977840
86.984474
86.991106
86.997733
87.004357
87.010978
87.017594
87.024208
87.030817
87.037423
87.044026
87.050625
87.057220
87.063812
87.070400
87.076984
87.083565
87.090143
87.096716
87.103287
87.109853
87.116416
87.122976
87.129532
87.136084
87.142633
87.149178
87.155720
87.162258
87.168793
87.175324
87.181851
87.188375
87.194896
87.201413
87.207926
87.214436
87.220942
87.227444
87.233944
87.240439
87.246931
87.253420
87.259905
87.266386
87.272864
87.279338
87.285809
87.292276
87.298740
87.305200
87.311657
87.318110
87.324560
87.331006
87.337449
87.343888
87.350323
87.356756
87.363184
87.369609
87.376031
87.382449
87.388863
87.395274
87.401682
87.408086
87.414486
87.420883
87.427277
87.433667
87.440053
87.446437
87.452816
87.459192
87.465565
87.471934
87.478299
87.484661
87.491020
87.497375
87.503727
87.510075
87.516420
87.522761
87.529099
87.535433
87.541764
87.548091
87.554415
87.560735
87.567052
87.573366
87.579676
87.585982
87.592285
87.598585
87.604881
87.611174
87.617463
87.623749
87.630031
87.636310
87.642585
87.648857
87.655126
87.661391
87.667653
87.673911
87.680166
87.686417
87.692665
87.698909
87.705150
87.711388
87.717622
87.723853
87.730080
87.736304
87.742524
87.748741
87.754955
87.761165
87.767372
87.773575
87.779775
87.785971
87.792164
87.798354
87.804540
87.810723
87.816903
87.823079
87.829251
87.835420
87.841586
87.847749
87.853908
87.860063
87.866215
87.872364
87.878510
87.884652
87.890790
87.896925
87.903057
87.909186
87.915311
87.921432
87.927551
87.933666
87.939777
87.945885
87.951990
87.958091
87.964189
87.970284
87.976375
87.982463
87.988548
87.994629
88.000707
88.006781
88.012852
88.018920
88.024984
88.031045
88.037103
88.043157
88.049208
88.055255
88.061300
88.067340
88.073378
88.079412
88.085443
88.091470
88.097494
88.103515
88.109532
88.115546
88.121557
88.127564
88.133569
88.139569
88.145567
88.151561
88.157551
88.163539
88.169523
88.175503
88.181481
88.187455
88.193426
88.199393
88.205357
88.211318
88.217275
88.223229
88.229180
88.235128
88.241072
88.247013
88.252950
88.258885
88.264816
88.270743
88.276668
88.282589
88.288506
88.294421
88.300332
88.306240
88.312144
88.318046
88.323943
88.329838
88.335730
88.341618
88.347502
88.353384
88.359262
88.365137
88.371009
88.376877
88.382742
88.388604
88.394462
88.400318
88.406170
88.412018
88.417864
88.423706
88.429545
88.435380
88.441213
88.447042
88.452868
88.458690
88.464509
88.470325
88.476138
88.481948
88.487754
88.493557
88.499357
88.505153
88.510946
88.516736
88.522523
88.528307
88.534087
88.539864
88.545638
88.551408
88.557176
88.562940
88.568700
88.574458
88.580212
88.585963
88.591711
88.597456
88.603197
88.608935
88.614670
88.620402
88.626130
88.631856
88.637578
88.643297
88.649012
88.654725
88.660434
88.666140
88.671842
88.677542
88.683238
88.688931
88.694621
88.700308
88.705991
88.711672
88.717349
88.723023
88.728693
88.734361
88.740025
88.745686
88.751344
88.756998
88.762650
88.768298
88.773943
88.779585
88.785224
88.790859
88.796492
88.802121
88.807747
88.813370
88.818989
88.824606
88.830219
88.835829
88.841436
88.847040
88.852640
88.858238
88.863832
88.869423
88.875011
88.880595
88.886177
88.891755
88.897330
88.902902
88.908471
88.914037
88.919600
88.925159
88.930715
88.936268
88.941818
88.947365
88.952909
88.958449
88.963987
88.969521
88.975052
88.980580
88.986104
88.991626
88.997145
89.002660
89.008172
89.013681
89.019187
89.024690
89.030190
89.035686
89.041179
89.046670
89.052157
89.057641
89.063122
89.068600
89.074074
89.079546
89.085014
89.090479
89.095942
89.101401
89.106857
89.112309
89.117759
89.123206
89.128649
89.134090
89.139527
89.144961
89.150392
89.155820
89.161245
89.166667
89.172085
89.177501
89.182913
89.188323
89.193729
89.199132
89.204532
89.209929
89.215323
89.220714
89.226102
89.231486
89.236868
89.242246
89.247622
89.252994
89.258363
89.263729
89.269092
89.274452
89.279809
89.285163
89.290514
89.295861
89.301206
89.306548
89.311886
89.317222
89.322554
89.327883
89.333209
89.338533
89.343853
89.349170
89.354484
89.359795
89.365102
89.370407
89.375709
89.381008
89.386303
89.391596
89.396885
89.402172
89.407455
89.412736
89.418013
89.423288
89.428559
89.433827
89.439092
89.444354
89.449614
89.454870
89.460123
89.465373
89.470620
89.475864
89.481105
89.486343
89.491578
89.496809
89.502038
89.507264
89.512487
89.517707
89.522923
89.528137
89.533348
89.538555
89.543760
89.548962
89.554160
89.559356
89.564549
89.569738
89.574925
89.580109
89.585289
89.590467
89.595641
89.600813
89.605982
89.611147
89.616310
89.621469
89.626626
89.631780
89.636930
89.642078
89.647222
89.652364
89.657503
89.662638
89.667771
89.672901
89.678028
89.683151
89.688272
89.693390
89.698505
89.703616
89.708725
89.713831
89.718934
89.724034
89.729131
89.734225
89.739316
89.744404
89.749489
89.754571
89.759650
89.764726
89.769799
89.774870
89.779937
89.785001
89.790063
89.795121
89.800176
89.805229
89.810279
89.815325
89.820369
89.825409
89.830447
89.835482
89.840514
89.845543
89.850569
89.855592
89.860612
89.865629
89.870643
89.875654
89.880663
89.885668
89.890670
89.895670
89.900667
89.905660
89.910651
89.915639
89.920624
89.925606
89.930585
89.935561
89.940534
89.945504
89.950471
89.955436
89.960397
89.965356
89.970311
89.975264
89.980214
89.985161
89.990105
89.995046
89.999984
90.004919
90.009852
90.014781
90.019708
90.024631
90.029552
90.034470
90.039385
90.044297
90.049206
90.054112
90.059016
90.063916
90.068814
90.073708
90.078600
90.083489
90.088375
90.093258
90.098138
90.103016
90.107890
90.112762
90.117630
90.122496
90.127359
90.132219
90.137076
90.141930
90.146782
90.151630
90.156476
90.161319
90.166159
90.170996
90.175830
90.180661
90.185490
90.190315
90.195138
90.199958
90.204775
90.209589
90.214400
90.219209
90.224014
90.228817
90.233617
90.238414
90.243208
90.247999
90.252788
90.257573
90.262356
90.267136
90.271913
90.276687
90.281458
90.286227
90.290993
90.295755
90.300515
90.305272
90.310027
90.314778
90.319527
90.324273
90.329016
90.333756
90.338493
90.343228
90.347959
90.352688
90.357414
90.362137
90.366857
90.371575
90.376290
90.381002
90.385711
90.390417
90.395120
90.399821
90.404519
90.409214
90.413906
90.418595
90.423282
90.427965
90.432646
90.437324
90.442000
90.446672
90.451342
90.456009
90.460673
90.465334
90.469993
90.474648
90.479301
90.483951
90.488599
90.493243
90.497885
90.502524
90.507160
90.511793
90.516424
90.521051
90.525676
90.530299
90.534918
90.539535
90.544148
90.548759
90.553368
90.557973
90.562576
90.567176
90.571773
90.576367
90.580959
90.585548
90.590134
90.594717
90.599297
90.603875
90.608450
90.613022
90.617592
90.622159
90.626722
90.631284
90.635842
90.640398
90.644950
90.649501
90.654048
90.658593
90.663134
90.667673
90.672210
90.676743
90.681274
90.685802
90.690328
90.694850
90.699370
90.703887
90.708401
90.712913
90.717422
90.721928
90.726431
90.730932
90.735430
90.739925
90.744418
90.748907
90.753394
90.757878
90.762360
90.766839
90.771315
90.775788
90.780259
90.784726
90.789192
90.793654
90.798114
90.802571
90.807025
90.811476
90.815925
90.820371
90.824815
90.829255
90.833693
90.838128
90.842561
90.846991
90.851418
90.855842
90.860264
90.864683
90.869099
90.873512
90.877923
90.882331
